5
0
0
0
0
0
1.58113883008419
1.58113883008419
1.58113883008419
1.58113883008419
1.58113883008419
-5
0
0
0
0
0
-1.58113883008419
-1.58113883008419
-1.58113883008419
-1.58113883008419
-1.58113883008419
3
0
0
0
0
0
0.948683298050514
0.948683298050514
0.948683298050514
0.948683298050514
0.948683298050514
-3
0
0
0
0
0
-0.948683298050514
-0.948683298050514
-0.948683298050514
-0.948683298050514
-0.948683298050514
0
0
0
0
0
0
0
0
0
0
0
0
0
0
0
0
0
0
0
0
0
0
0
0
0
0
0
0
0
0
0
0
0
0
0
0
0
0
0
0
0
0
0
0
0
0
0
0
0
0
0
0
0
0
0
0
0
0
0
0
0
0
0
0
0
0
