1 2
1 3
1 4
1 5
1 6
1 7
1 8
1 9
1 10
1 11
12 13
12 14
12 15
12 16
12 17
12 18
12 19
12 20
12 21
12 22
23 24
23 25
23 26
23 27
23 28
23 29
23 30
23 31
23 32
23 33
34 35
34 36
34 37
34 38
34 39
34 40
34 41
34 42
34 43
34 44
45 46
45 47
45 48
45 49
45 50
45 51
45 52
45 53
45 54
45 55
56 57
56 58
56 59
56 60
56 61
56 62
56 63
56 64
56 65
56 66
67 68
67 69
67 70
67 71
67 72
67 73
67 74
67 75
67 76
67 77
78 79
78 80
78 81
78 82
78 83
78 84
78 85
78 86
78 87
78 88
89 90
89 91
89 92
89 93
89 94
89 95
89 96
89 97
89 98
89 99
100 101
100 102
100 103
100 104
100 105
100 106
100 107
100 108
100 109
100 110
