29.00,35.10,48.26,0,8,4.01,1.57,1.27,1.67,1.27,1.27,1.27,1.34,1.27,1.60,1.63,-1.81,-2.25,-0.35,0.57,-2.15,-2.15,-0.94,-1.39,0.79,-0.61,-2.04,0.00,0.00,0.18,0.00,-0.00,0.00,1.01,-0.21,0.00,0.00,-0.00,0.50,32.82,49.70,0,10,4.27,1.35,1.35,1.35,1.35,1.35,1.35,1.35,1.35,1.35,1.35,-4.12,-1.30,-1.09,1.30,-1.30,-1.30,-1.30,-1.30,1.30,-1.30,-1.30,0.00,0.00,0.00,0.00,0.00,0.00,0.29,0.00,0.00,0.00,0.00
25.00,42.93,49.37,0,10,5.17,1.63,1.64,1.64,1.64,1.64,1.67,1.64,1.64,1.69,1.64,-1.32,-0.42,-0.42,-0.42,-0.29,-0.42,-2.72,-0.94,-0.42,-0.41,-1.72,0.00,0.00,0.25,-0.00,0.00,0.00,-0.00,0.00,0.00,0.00,0.00,1.50,36.89,38.96,0,10,5.49,1.74,1.74,1.74,1.74,1.74,1.74,1.74,1.74,1.74,1.74,-2.41,-0.76,-0.76,-0.76,-0.48,-0.76,-1.66,-0.76,-0.76,-0.76,-0.76,0.00,0.00,0.32,0.00,0.00,0.00,0.00,0.00,0.00,0.00,0.00
32.00,46.11,37.91,0,6,3.51,-0.21,1.11,1.67,1.44,0.86,1.11,1.11,2.12,2.53,2.72,-1.99,-0.63,0.74,-0.63,-0.07,-1.86,-1.24,-0.91,-3.76,-0.94,-1.68,-0.00,0.00,-1.07,-0.37,-0.33,-0.00,0.67,0.52,0.00,-0.00,0.00,11.00,49.66,41.80,0,6,4.98,-1.57,1.20,1.57,1.57,0.95,1.57,1.57,1.57,2.53,1.97,-3.27,-1.03,1.30,-1.03,-0.53,-1.03,-1.03,-1.03,-3.19,-1.03,-1.03,0.00,0.00,-1.79,-0.93,-0.57,0.00,1.49,0.93,0.00,0.00,0.00
29.00,51.10,36.60,0,7,3.64,0.15,1.15,1.52,2.08,2.64,1.26,1.15,1.77,1.98,1.15,-0.84,-0.27,-2.15,-0.53,-0.27,-0.69,-0.27,-2.62,-2.18,-1.36,-0.84,-0.00,-0.58,0.00,0.00,0.00,-0.25,1.10,0.00,-0.00,0.00,0.04,0.00,39.19,28.04,0,11,4.65,1.47,1.47,1.47,1.47,1.47,1.47,1.47,1.47,1.47,1.47,-3.09,-0.98,-0.98,-0.98,-0.98,-0.98,-0.98,-0.98,-0.98,-0.98,-0.98,0.00,0.00,0.00,0.00,0.00,0.00,0.00,0.00,0.00,0.00,0.00
25.00,33.54,37.21,0,11,5.17,1.64,2.43,1.64,1.54,1.64,1.64,1.64,1.64,1.64,1.64,-1.90,-0.60,-0.99,-1.94,-0.60,-0.60,-0.60,-0.60,-0.66,-0.60,-0.65,-0.00,-0.00,0.00,0.00,0.00,-0.00,-0.00,-0.00,0.00,0.00,-0.00,0.00,32.24,33.22,0,11,5.62,1.78,1.78,1.78,1.78,1.78,1.78,1.78,1.78,1.78,1.78,-2.60,-0.82,-0.82,-0.82,-0.82,-0.82,-0.82,-0.82,-0.82,-0.82,-0.82,0.00,0.00,0.00,0.00,0.00,0.00,0.00,0.00,0.00,0.00,0.00
24.00,35.11,31.25,0,10,4.15,1.64,1.31,2.47,1.31,1.31,1.31,1.31,2.90,1.31,1.31,-2.04,-0.64,-0.64,-0.64,-0.64,-1.63,-0.64,-0.78,-0.25,-0.64,-0.64,-0.00,-0.00,-0.00,-0.00,-0.00,-0.00,-0.00,-0.00,-0.00,-0.00,-0.24,0.00,28.63,31.39,0,11,5.20,1.64,1.64,1.64,1.64,1.64,1.64,1.64,1.64,1.64,1.64,-2.60,-0.82,-0.82,-0.82,-0.82,-0.82,-0.82,-0.82,-0.82,-0.82,-0.82,0.00,0.00,0.00,0.00,0.00,0.00,0.00,0.00,0.00,0.00,0.00
27.50,38.60,32.50,0,8,3.35,2.59,3.21,1.60,1.00,1.06,2.12,1.06,1.06,1.81,1.06,-1.57,-0.50,-2.38,-1.86,-0.50,-0.50,-0.29,-0.60,-1.19,-0.50,-0.50,0.00,0.53,-0.00,-0.00,0.00,-0.00,-0.79,0.53,-0.00,-0.00,0.00,3.00,34.01,26.38,0,8,5.19,1.64,1.64,1.64,0.94,1.64,1.64,1.64,1.64,1.64,1.64,-2.92,-0.73,-0.92,-0.92,-0.92,-0.92,-0.35,-0.92,-0.92,-0.92,-0.92,0.00,0.55,0.00,0.00,0.00,0.00,-0.73,0.25,0.00,0.00,0.00
23.50,48.20,53.21,0,11,4.33,1.53,1.37,1.37,1.37,2.12,2.80,1.37,1.37,1.37,1.37,-1.69,-0.53,-1.79,-0.79,-0.53,-0.53,-1.14,-0.53,-0.53,-0.53,-0.53,0.00,0.00,0.00,0.00,-0.00,0.00,0.00,0.00,0.00,0.00,0.00,1.50,42.04,48.45,0,11,5.41,1.71,1.71,1.71,1.71,1.71,1.86,1.71,1.71,1.71,1.71,-2.99,-0.94,-1.15,-0.94,-0.94,-0.94,-0.94,0.20,-0.94,-0.94,-0.94,0.00,0.00,0.00,0.00,0.00,0.00,0.00,0.00,0.00,0.00,0.00
31.00,50.79,40.50,0,0,4.68,1.48,1.48,2.46,1.63,0.96,0.71,1.48,0.60,2.16,1.97,-2.57,-0.81,-0.81,-0.81,-1.02,0.64,-0.81,-2.44,-0.81,-0.81,-1.40,-0.53,-0.10,-0.59,-0.17,0.17,-0.83,-0.17,-0.17,0.53,-0.40,0.11,8.00,57.86,44.99,0,0,5.12,1.62,1.62,2.41,1.62,1.26,0.73,1.62,0.66,1.62,1.87,-3.44,-1.09,-0.77,-0.57,-1.09,1.09,-1.09,-2.15,-0.64,-1.09,-1.09,-2.22,0.13,-0.70,-0.70,0.70,-0.70,-0.68,-0.13,1.51,-0.52,0.70
23.00,52.99,44.67,0,9,3.77,1.19,1.19,1.50,1.19,1.76,1.19,1.19,1.26,1.19,1.19,-1.85,-3.06,-0.59,-0.59,-0.59,-0.59,-0.59,-0.59,-1.13,-1.43,-0.59,0.00,0.00,0.00,0.00,0.00,0.00,0.35,0.00,0.07,0.00,0.00,0.00,39.20,35.28,0,11,4.43,1.40,1.40,1.40,1.40,1.40,1.40,1.40,1.40,1.40,1.40,-3.20,-1.01,-1.01,-1.01,-1.01,-1.01,-1.01,-1.01,-1.01,-1.01,-1.01,0.00,0.00,0.00,0.00,0.00,0.00,0.00,0.00,0.00,0.00,0.00
24.00,45.44,35.88,0,10,3.53,2.13,1.28,1.32,1.12,1.12,1.12,0.41,1.12,2.12,1.12,-2.42,-0.96,-0.77,-0.77,-0.77,-0.22,-0.77,-0.77,-3.09,-0.77,-0.77,-0.00,0.00,-0.00,0.00,-0.00,0.00,-0.00,-0.27,-0.00,0.00,0.00,0.00,29.04,34.19,0,11,4.43,1.40,1.40,1.40,1.40,1.40,1.40,1.40,1.40,1.40,1.40,-3.41,-1.08,-1.08,-1.08,-1.08,-1.08,-1.08,-1.08,-1.08,-1.08,-1.08,0.00,0.00,0.00,0.00,0.00,0.00,0.00,0.00,0.00,0.00,0.00
20.50,48.22,31.50,0,11,3.14,0.99,0.99,0.99,0.99,2.36,0.99,1.33,0.99,1.29,0.99,-1.87,-0.59,-0.59,-0.59,-0.59,-2.52,-0.38,-0.59,-0.71,-1.20,-0.59,0.00,0.00,0.00,-0.00,-0.00,-0.00,0.00,-0.00,0.00,0.00,-0.00,0.00,40.09,44.91,0,11,4.38,1.39,1.39,1.39,1.39,1.39,1.39,1.39,1.39,1.39,1.39,-3.18,-1.01,-1.01,-1.01,-1.01,-1.01,-1.01,-1.01,-1.01,-1.01,-1.01,0.00,0.00,0.00,0.00,0.00,0.00,0.00,0.00,0.00,0.00,0.00
21.00,45.86,42.60,0,11,3.62,1.14,2.70,1.14,1.14,1.14,1.14,1.14,1.14,1.14,1.14,-1.98,-0.63,-2.38,-0.63,-0.63,-0.63,-0.63,-0.63,-0.63,-0.63,-0.63,-0.00,-0.00,0.00,0.00,0.00,-0.00,-0.00,-0.00,-0.00,-0.00,-0.00,0.00,31.50,39.10,0,11,4.50,1.42,1.42,1.42,1.42,1.42,1.42,1.42,1.42,1.42,1.42,-2.95,-0.93,-0.93,-0.93,-0.93,-0.93,-0.93,-0.93,-0.93,-0.93,-0.93,0.00,0.00,0.00,0.00,0.00,0.00,0.00,0.00,0.00,0.00,0.00
21.50,53.62,46.57,0,11,3.50,1.79,1.68,1.11,2.08,1.11,1.11,1.11,1.11,1.11,1.11,-2.08,-0.66,-0.66,-0.66,-0.66,-1.07,-1.55,-0.66,-0.66,-0.97,-0.66,0.00,0.00,0.00,0.00,0.00,0.00,0.00,0.00,0.00,0.00,0.00,0.00,38.08,33.24,0,11,4.59,1.45,1.45,1.45,1.45,1.45,1.45,1.45,1.45,1.45,1.45,-2.95,-0.93,-0.93,-0.93,-0.93,-0.93,-0.93,-0.93,-0.93,-0.93,-0.93,0.00,0.00,0.00,0.00,0.00,0.00,0.00,0.00,0.00,0.00,0.00
21.50,40.35,42.54,0,11,3.73,1.18,1.18,1.18,1.18,1.18,1.82,1.18,1.18,1.18,2.61,-2.12,-0.67,-0.67,-0.67,-0.67,-0.67,-0.67,-0.67,-0.67,-1.16,-1.11,-0.00,0.00,-0.00,-0.00,0.00,0.00,0.00,-0.00,-0.00,0.00,0.00,0.00,33.79,33.92,0,11,4.87,1.54,1.54,1.54,1.54,1.54,1.54,1.54,1.54,1.54,1.54,-2.97,-0.94,-0.94,-0.94,-0.94,-0.94,-0.94,-0.94,-0.94,-0.94,-0.94,0.00,0.00,0.00,0.00,0.00,0.00,0.00,0.00,0.00,0.00,0.00
24.00,39.27,36.08,0,11,3.93,0.93,1.48,1.24,1.31,1.24,1.24,1.31,1.24,1.24,2.53,-2.08,-0.66,-0.66,-2.87,-0.66,-0.66,-0.66,-1.79,-0.66,-0.66,-0.66,0.00,0.00,0.00,0.00,0.00,-0.00,0.00,0.00,0.00,0.00,-0.00,0.00,31.80,38.92,0,11,4.68,1.48,1.48,1.48,1.48,1.48,1.48,1.48,1.48,1.48,1.48,-3.25,-1.03,-1.03,-1.03,-1.03,-1.03,-1.03,-1.03,-1.03,-1.03,-1.03,0.00,0.00,0.00,0.00,0.00,0.00,0.00,0.00,0.00,0.00,0.00
31.00,46.40,34.95,0,7,4.07,1.03,0.88,1.29,1.53,2.39,1.29,1.50,1.29,1.29,3.19,-0.90,-0.53,-0.29,-3.54,-0.29,-0.10,-2.17,-1.22,-1.66,-1.46,-1.23,0.00,0.00,-0.00,-0.00,-0.00,-0.32,-0.00,-0.61,0.77,0.30,0.00,10.50,43.31,29.71,0,7,4.73,1.10,1.01,1.50,1.50,1.81,1.14,1.50,1.50,1.50,3.10,-2.93,-0.93,-0.93,-2.28,-0.71,0.09,-1.54,-0.93,-0.93,-1.57,-0.93,0.00,0.00,0.00,0.00,0.00,-0.78,0.00,-0.99,1.10,0.62,0.00
27.50,46.78,64.89,0,10,4.21,1.93,1.33,2.14,1.33,1.33,1.33,1.33,2.75,1.33,1.76,-2.26,-0.71,-0.71,-0.71,-0.71,-0.71,-0.79,-0.71,-0.73,-3.00,-2.04,-0.00,-0.00,-0.00,-0.00,-0.00,0.00,0.00,-0.10,0.00,-0.00,-0.00,0.00,40.81,51.94,0,11,5.30,1.67,1.67,1.67,1.67,1.67,1.67,1.67,1.67,1.67,1.67,-3.47,-1.10,-1.10,-1.10,-1.10,-1.10,-1.10,-1.10,-1.10,-1.10,-1.10,0.00,0.00,0.00,0.00,0.00,0.00,0.00,0.00,0.00,0.00,0.00
26.00,29.09,36.86,0,11,4.53,2.44,1.43,1.43,1.43,1.43,1.43,1.43,1.89,1.43,1.43,-2.25,-0.71,-2.30,-1.84,-0.71,-0.88,-0.71,-0.71,-0.75,-0.88,0.02,-0.00,-0.00,-0.00,-0.00,0.00,-0.00,0.00,-0.00,-0.00,0.00,0.00,4.50,34.31,35.04,0,11,5.40,1.91,1.30,1.71,1.71,1.16,1.71,1.71,1.76,1.44,1.71,-3.15,-0.59,-2.20,-2.19,-1.00,-1.00,-0.78,-1.00,-1.00,-1.00,1.00,0.00,0.00,0.00,0.00,0.00,0.00,0.00,0.00,0.00,0.00,0.00
23.50,49.92,48.53,0,10,4.11,1.30,1.30,1.30,1.30,1.30,1.30,1.79,1.30,1.44,1.30,-1.57,-3.83,-0.50,-0.50,-0.50,-0.50,-0.51,-1.49,-0.50,-0.50,-0.50,-0.00,-0.00,-0.00,0.00,0.00,-0.57,-0.00,-0.00,-0.00,0.00,0.00,0.50,33.43,32.57,0,10,5.01,1.58,1.58,1.30,1.58,1.54,1.58,1.58,1.58,1.58,1.58,-3.02,-0.96,-0.96,-0.96,-0.96,-0.96,-0.96,-0.96,-0.96,-0.96,-0.96,0.00,0.00,0.00,0.00,0.00,-0.17,0.00,0.00,0.00,0.00,0.00
29.00,45.52,44.49,0,10,3.16,1.19,2.68,1.18,1.00,1.00,1.00,3.03,2.70,1.88,1.00,-2.08,-1.72,-1.66,-0.66,-2.36,-0.66,-0.66,-2.12,-0.66,-0.66,-0.90,-0.00,-0.00,0.00,0.00,-0.00,0.00,0.00,-0.00,0.00,0.00,0.29,6.50,39.74,37.96,0,10,4.77,1.51,2.38,1.51,1.51,0.92,1.14,2.27,1.51,1.97,1.51,-3.85,-1.22,-1.22,-1.22,-1.43,-1.22,0.65,-1.46,-0.93,-1.22,-1.22,0.00,0.00,0.00,0.00,0.00,0.00,0.00,0.00,0.00,0.00,0.84
24.50,41.53,50.16,0,11,4.28,1.35,1.35,2.57,1.35,1.35,1.35,1.35,1.35,1.35,1.35,-2.81,-0.89,-0.89,-0.89,-0.89,-0.89,-0.89,-0.89,-0.89,-0.89,-1.75,0.00,0.00,0.00,0.00,0.00,0.00,0.00,0.00,0.00,0.00,0.00,0.00,37.09,50.42,0,11,5.09,1.61,1.61,1.61,1.61,1.61,1.61,1.61,1.61,1.61,1.61,-3.51,-1.11,-1.11,-1.11,-1.11,-1.11,-1.11,-1.11,-1.11,-1.11,-1.11,0.00,0.00,0.00,0.00,0.00,0.00,0.00,0.00,0.00,0.00,0.00
24.00,47.78,47.42,0,9,2.97,0.94,0.66,1.91,2.15,0.94,1.81,0.94,0.94,0.94,3.40,-1.61,-0.51,-0.51,-0.51,0.08,-0.51,-0.51,-0.51,-2.41,-1.89,-0.51,-0.00,-0.00,-0.41,-0.00,-0.00,0.00,-0.00,-0.00,-0.32,-0.00,0.00,10.50,48.24,47.90,0,9,4.24,1.22,0.30,1.34,2.19,1.34,1.95,1.34,1.23,0.76,3.02,-3.41,-1.08,-1.08,-1.08,1.08,-0.29,-1.08,-0.41,-1.86,-1.31,0.25,0.00,0.00,-0.92,0.00,0.00,0.00,0.00,0.00,-0.79,0.00,0.00
25.50,34.76,22.65,0,10,4.24,1.34,1.34,1.74,1.34,1.34,1.34,2.78,1.34,1.34,1.34,-2.03,-1.91,-0.64,-0.64,-0.42,-0.64,-1.14,-1.39,-0.64,-1.03,-1.34,0.00,0.00,0.00,0.00,0.00,0.00,-0.00,0.00,0.21,0.00,0.00,2.00,31.00,25.61,0,10,4.72,1.49,1.49,1.49,1.49,1.49,1.49,2.69,1.49,1.49,1.49,-3.15,-1.25,-1.00,-1.00,-0.72,-1.00,-1.00,-1.00,-1.00,-1.00,-1.00,0.00,0.00,0.00,0.00,0.00,0.00,0.00,0.00,0.28,0.00,0.00
24.00,48.17,53.78,0,10,3.68,1.16,1.16,1.16,1.16,2.16,2.31,1.16,1.16,1.16,1.16,-1.67,-0.95,-2.39,-0.53,-0.53,-0.53,-0.97,-0.53,-1.35,-0.53,-0.53,0.00,-0.00,-0.00,-0.00,-0.00,0.00,0.00,1.39,-0.00,0.00,0.00,0.50,38.39,40.11,0,10,4.56,1.44,1.44,1.44,1.44,1.44,1.44,1.44,1.44,1.44,1.44,-2.94,-0.93,-0.93,-0.93,-0.93,-0.93,-0.93,-0.93,-0.93,-0.93,-0.93,0.00,0.00,0.00,0.00,0.00,0.00,0.00,0.50,0.00,0.00,0.00
25.50,49.32,43.84,0,9,4.14,4.09,1.31,1.31,1.31,1.31,1.31,1.31,1.31,1.31,1.95,-1.98,-0.63,-0.63,-0.63,-2.65,-0.63,-0.63,-0.63,-1.09,-0.63,-0.63,0.00,-0.00,0.00,0.00,0.00,0.00,0.22,0.00,0.00,0.00,0.01,0.00,35.51,33.69,0,11,5.35,1.69,1.69,1.69,1.69,1.69,1.69,1.69,1.69,1.69,1.69,-3.04,-0.96,-0.96,-0.96,-0.96,-0.96,-0.96,-0.96,-0.96,-0.96,-0.96,0.00,0.00,0.00,0.00,0.00,0.00,0.00,0.00,0.00,0.00,0.00
26.00,32.06,40.95,0,9,5.20,1.93,1.64,1.75,1.64,1.64,1.64,1.64,1.64,1.64,1.64,-2.30,-0.73,-0.73,-0.73,-0.73,-0.73,-1.33,-1.11,-1.33,-0.73,-0.73,0.00,0.00,-0.28,-0.00,-0.04,-0.00,0.00,0.00,0.00,0.00,0.00,0.00,29.78,38.52,0,11,5.82,1.84,1.84,1.84,1.84,1.84,1.84,1.84,1.84,1.84,1.84,-3.19,-1.01,-1.01,-1.01,-1.01,-1.01,-1.01,-1.01,-1.01,-1.01,-1.01,0.00,0.00,0.00,0.00,0.00,0.00,0.00,0.00,0.00,0.00,0.00
26.50,35.80,27.97,0,10,4.61,0.97,2.27,1.46,1.46,1.46,1.46,1.46,1.46,1.46,2.75,-2.49,-1.28,-1.11,-0.79,-0.79,-0.79,-1.54,-0.79,-0.91,-0.13,-0.79,0.00,0.23,-0.00,-0.00,0.00,-0.00,0.00,0.00,0.00,-0.00,-0.00,3.00,33.17,28.13,0,10,5.26,0.77,2.26,1.66,1.66,1.66,1.66,1.66,1.66,1.66,2.08,-3.18,-1.00,-1.00,-1.00,-1.00,-1.00,-1.00,-1.00,-1.00,-0.29,-1.00,0.00,0.39,0.00,0.00,0.00,0.00,0.00,0.00,0.00,0.00,0.00
28.50,56.65,33.14,0,9,3.22,3.18,0.85,3.85,1.02,2.27,1.21,0.96,0.52,0.45,1.58,-0.82,-0.26,-0.26,-2.50,-1.25,-0.14,-0.20,-1.23,-2.86,-0.65,-0.55,-0.00,0.00,-0.00,0.00,-0.00,-0.00,-0.00,0.00,-0.99,0.00,-0.29,4.00,41.15,23.80,0,10,4.89,1.55,1.55,2.46,1.55,2.14,1.55,1.55,0.72,1.24,1.55,-2.76,-0.87,-0.87,-1.45,-0.87,-0.87,-0.78,-0.87,-1.47,-0.87,-0.87,0.00,0.00,0.00,0.00,0.00,0.00,0.00,0.00,-0.09,0.00,-0.00
26.50,37.29,40.12,0,11,4.86,1.54,1.54,1.54,1.54,1.54,1.54,1.54,2.76,2.06,1.54,-2.04,-0.65,-0.65,-0.65,-0.41,-0.65,-2.57,-0.65,-1.27,-0.65,-1.03,0.00,-0.00,-0.00,0.00,0.00,0.00,0.00,0.00,0.00,-0.00,0.00,2.00,38.55,40.37,0,11,5.48,1.73,1.73,1.73,1.73,1.73,1.73,1.73,2.22,1.73,1.73,-3.04,-0.96,-0.87,-0.96,-0.46,-0.74,-1.66,-0.96,-0.96,-0.96,-0.96,0.00,0.00,0.00,0.00,0.00,0.00,0.00,0.00,0.00,0.00,0.00
24.00,42.97,42.61,0,11,3.68,1.16,1.16,1.16,1.16,1.16,2.37,1.36,3.25,1.16,1.16,-2.42,-0.76,-0.76,-0.76,-0.76,-2.00,-0.76,-0.76,-0.76,-0.76,-0.76,-0.00,-0.00,0.00,0.00,-0.00,-0.00,-0.00,0.00,-0.00,-0.00,-0.00,6.50,35.53,43.93,0,11,5.22,-0.64,1.65,1.65,0.96,1.35,2.60,2.50,2.81,1.65,1.65,-3.29,-1.04,-1.05,-1.04,-1.04,-1.32,-1.04,-1.04,-1.04,-1.04,-1.04,0.00,0.00,0.00,0.00,0.00,0.00,0.00,0.00,0.00,0.00,0.00
28.00,61.87,59.01,0,8,2.56,0.81,5.60,0.81,1.00,0.65,0.81,2.46,0.94,1.16,0.81,-1.46,-4.68,-0.46,-2.65,0.52,-0.46,-0.88,-0.46,-0.46,-0.46,-0.76,0.00,0.00,-0.00,0.07,-0.00,0.00,0.00,0.14,-0.00,0.00,0.80,0.00,39.78,37.58,0,11,4.34,1.37,1.37,1.37,1.37,1.37,1.37,1.37,1.37,1.37,1.37,-3.78,-1.20,-1.20,-1.20,1.20,-1.20,-1.20,-1.20,-1.20,-1.20,-1.20,0.00,0.00,0.00,0.00,0.00,0.00,0.00,0.00,0.00,0.00,0.00
24.00,50.93,37.45,0,10,2.93,3.35,0.80,0.93,1.36,1.48,1.72,0.93,0.93,0.93,0.93,-1.57,-0.50,-0.50,-0.50,-1.34,-2.46,-1.43,-1.52,-1.24,-0.50,-0.50,0.00,-0.00,-0.00,0.00,0.00,0.00,-0.00,0.04,0.00,0.00,0.00,0.50,42.43,28.09,0,11,3.98,1.76,1.26,1.26,1.26,1.26,1.26,1.26,1.26,1.26,1.26,-2.98,-0.94,-0.94,-0.94,-0.94,-0.94,-0.94,-0.94,-0.94,-0.94,-0.94,0.00,0.00,0.00,0.00,0.00,0.00,0.00,0.00,0.00,0.00,0.00
25.00,41.17,37.42,0,9,3.68,1.16,1.16,2.15,1.16,1.16,2.48,1.16,1.16,1.01,3.79,-1.47,-1.94,-0.46,-0.46,-0.46,-0.46,-0.46,-0.46,-0.46,-0.72,-2.03,-0.00,-0.04,-0.00,0.00,0.00,0.00,-0.45,-0.00,0.00,0.00,0.00,6.00,36.10,33.70,0,9,4.54,1.33,1.43,2.04,1.07,1.43,2.02,1.43,1.43,1.18,2.95,-2.16,-1.36,-0.68,-0.68,-0.68,-0.53,-0.68,-0.64,-0.68,-0.68,-1.48,0.00,-0.13,0.00,0.00,0.00,0.00,-0.77,0.00,0.00,0.00,0.00
25.50,40.30,44.53,0,10,4.51,1.43,1.43,1.43,1.43,1.43,1.43,1.52,2.68,1.43,1.43,-2.43,-1.29,-0.83,-0.77,-0.77,-0.77,-0.77,-1.90,-0.77,-0.77,-1.13,-0.00,-0.00,-0.00,-0.00,-0.00,-0.00,-0.00,-0.00,-0.13,-0.00,-0.00,0.00,39.61,42.25,0,11,5.21,1.65,1.65,1.65,1.65,1.65,1.65,1.65,1.65,1.65,1.65,-3.30,-1.04,-1.04,-1.04,-1.04,-1.04,-1.04,-1.04,-1.04,-1.04,-1.04,0.00,0.00,0.00,0.00,0.00,0.00,0.00,0.00,0.00,0.00,0.00
24.00,48.87,35.36,0,11,4.09,1.29,1.29,0.87,1.84,1.29,1.29,1.29,1.29,3.07,1.29,-2.37,-0.75,-0.75,-1.47,-0.77,-0.75,-0.75,-0.75,-1.25,-0.75,-0.75,-0.00,0.00,-0.00,-0.00,-0.00,0.00,-0.00,0.00,-0.00,-0.00,0.00,0.00,39.46,23.43,0,11,4.79,1.52,1.52,1.52,1.52,1.52,1.52,1.52,1.52,1.52,1.52,-3.06,-0.97,-0.97,-0.97,-0.97,-0.97,-0.97,-0.97,-0.97,-0.97,-0.97,0.00,0.00,0.00,0.00,0.00,0.00,0.00,0.00,0.00,0.00,0.00
22.50,34.23,26.51,0,11,4.41,2.35,1.40,1.40,1.40,1.40,1.40,1.40,1.40,1.40,1.40,-2.33,-0.74,-0.74,-0.74,-0.96,-0.74,-0.74,-0.74,-0.74,-0.74,-0.74,-0.00,-0.00,0.00,-0.00,-0.00,0.00,0.00,-0.00,-0.00,-0.00,-0.00,0.00,31.41,31.50,0,11,5.26,1.66,1.66,1.66,1.66,1.66,1.66,1.66,1.66,1.66,1.66,-2.99,-0.94,-0.94,-0.94,-0.94,-0.94,-0.94,-0.94,-0.94,-0.94,-0.94,0.00,0.00,0.00,0.00,0.00,0.00,0.00,0.00,0.00,0.00,0.00
26.00,43.86,51.32,0,11,3.59,1.13,1.63,2.04,1.87,2.77,1.41,3.15,0.97,0.61,1.13,-1.20,-0.38,-0.38,-0.38,0.38,-1.43,-2.23,-1.77,-0.88,-0.38,-0.00,0.00,0.00,-0.00,0.00,-0.00,-0.00,0.00,-0.00,0.00,0.00,0.00,0.00,36.07,35.13,0,11,5.02,1.59,1.59,1.59,1.59,1.59,1.59,1.59,1.59,1.59,1.59,-2.64,-0.83,-0.83,-0.83,0.83,-0.83,-0.83,-0.83,-0.83,-0.83,-0.83,0.00,0.00,0.00,0.00,0.00,0.00,0.00,0.00,0.00,0.00,0.00
23.50,48.57,42.41,0,10,4.12,1.30,1.30,1.30,1.30,1.30,1.30,1.30,1.30,1.30,2.87,-2.07,-0.66,-0.66,-0.66,-0.66,-1.20,-1.14,-0.66,-0.72,-1.39,-0.66,-0.00,-0.00,-0.00,0.00,0.00,-0.00,-0.00,-0.00,-0.00,-0.00,-0.53,0.00,44.01,34.88,0,11,4.95,1.56,1.56,1.56,1.56,1.56,1.56,1.56,1.56,1.56,1.56,-2.96,-0.94,-0.94,-0.94,-0.94,-0.94,-0.94,-0.94,-0.94,-0.94,-0.94,0.00,0.00,0.00,0.00,0.00,0.00,0.00,0.00,0.00,0.00,0.00
24.00,47.43,61.85,0,11,2.94,0.93,0.93,1.17,0.93,4.97,0.93,2.05,0.93,2.26,0.93,-1.67,-0.53,-0.53,-0.53,-0.53,-1.58,-0.53,-0.53,-0.53,-1.62,-1.09,0.00,0.00,0.00,0.00,-0.00,0.00,0.00,-0.00,-0.00,0.00,-0.00,0.50,36.45,39.80,0,11,5.02,1.59,1.59,1.59,1.59,1.70,1.59,1.59,1.20,1.59,1.59,-2.86,-0.90,-0.90,-0.90,-0.90,-0.90,-0.90,-0.90,-0.90,-0.90,-0.90,0.00,0.00,0.00,0.00,0.00,0.00,0.00,0.00,0.00,0.00,0.00
23.00,44.55,31.97,0,9,3.90,1.23,1.23,2.48,1.23,1.23,1.23,1.23,1.23,1.23,1.23,-2.09,-1.04,-0.66,-0.66,-0.66,-1.59,-0.66,-0.46,-1.31,-1.15,-0.66,-0.00,-0.00,-0.23,-0.00,0.00,-0.00,0.00,-0.13,0.00,-0.00,-0.00,0.00,36.59,24.79,0,11,4.58,1.45,1.45,1.45,1.45,1.45,1.45,1.45,1.45,1.45,1.45,-3.08,-0.98,-0.98,-0.98,-0.98,-0.98,-0.98,-0.98,-0.98,-0.98,-0.98,0.00,0.00,0.00,0.00,0.00,0.00,0.00,0.00,0.00,0.00,0.00
42.50,49.61,48.38,0,0,1.43,1.54,3.64,1.64,2.05,3.49,0.45,1.37,3.19,4.06,0.45,-1.36,-1.72,-0.38,-2.03,-0.32,-2.60,-0.43,-0.43,-0.59,-1.73,-1.10,-2.32,-0.75,-0.71,0.73,1.00,0.34,0.73,-0.24,-0.73,2.22,0.04,0.00,47.76,43.54,0,0,5.41,1.71,1.71,1.71,1.71,1.71,1.71,1.71,1.71,1.71,1.71,-2.84,-0.90,-0.90,-0.90,-0.90,-0.90,-0.90,-0.90,-0.90,-0.90,-0.90,-2.85,-0.90,-0.90,0.90,0.90,0.90,0.90,-0.90,-0.90,0.90,0.90
24.00,37.81,36.48,0,11,4.13,1.30,2.02,1.47,2.41,1.30,1.30,1.30,1.30,1.30,0.83,-2.81,-0.78,-0.89,-0.89,-0.89,-0.89,-0.89,-0.89,-0.89,-0.96,-0.89,-0.00,0.00,-0.00,-0.00,0.00,0.00,-0.00,-0.00,-0.00,0.00,0.00,1.50,35.50,35.63,0,11,5.02,1.59,1.59,1.59,2.26,1.59,1.59,1.59,1.59,1.59,0.76,-3.31,-1.05,-1.05,-1.05,-1.05,-1.05,-1.05,-1.05,-1.05,-1.05,-1.05,0.00,0.00,0.00,0.00,0.00,0.00,0.00,0.00,0.00,0.00,0.00
29.00,58.90,45.94,0,8,4.73,1.50,1.50,1.71,1.50,3.03,2.37,1.50,1.68,1.50,1.50,-2.75,-1.57,0.87,-0.18,-0.87,-0.51,-0.89,-0.87,-0.87,-0.87,-1.26,0.00,-0.00,0.00,0.10,0.00,-0.80,-0.00,0.00,0.00,0.55,-0.00,0.00,51.87,43.62,0,11,5.54,1.75,1.75,1.75,1.75,1.75,1.75,1.75,1.75,1.75,1.75,-3.13,-0.99,0.99,-0.99,-0.99,-0.99,-0.99,-0.99,-0.99,-0.99,-0.99,0.00,0.00,0.00,0.00,0.00,0.00,0.00,0.00,0.00,0.00,0.00
25.50,39.77,31.35,0,11,4.46,1.41,2.06,1.41,2.29,1.41,1.41,1.41,1.41,2.76,1.41,-2.69,-0.85,-0.85,-0.85,-0.85,-0.85,-0.43,-0.85,-0.85,-0.85,-0.85,-0.00,-0.00,-0.00,-0.00,-0.00,-0.00,-0.00,0.00,-0.00,-0.00,-0.00,0.00,36.86,28.77,0,11,5.52,1.75,1.75,1.75,1.75,1.75,1.75,1.75,1.75,1.75,1.75,-3.04,-0.96,-0.96,-0.96,-0.96,-0.96,-0.96,-0.96,-0.96,-0.96,-0.96,0.00,0.00,0.00,0.00,0.00,0.00,0.00,0.00,0.00,0.00,0.00
26.50,37.17,40.99,0,11,4.07,1.29,2.76,1.80,2.14,1.29,1.29,1.29,1.29,1.29,2.36,-2.66,-0.84,-0.84,-0.84,-0.84,-1.64,-1.34,-0.84,-0.84,-0.84,-0.84,0.00,0.00,0.00,0.00,0.00,0.00,0.00,0.00,0.00,0.00,0.00,1.50,39.23,46.32,0,11,5.74,1.82,1.95,1.82,1.82,1.82,0.46,1.82,1.82,1.82,1.82,-3.51,-1.11,-1.11,-1.11,-1.11,-1.12,-1.11,-1.11,-1.11,-1.11,-1.11,0.00,0.00,0.00,0.00,0.00,0.00,0.00,0.00,0.00,0.00,0.00
22.00,45.93,45.14,0,11,4.02,1.27,1.27,1.27,1.56,1.27,1.68,1.27,1.27,1.27,1.27,-2.37,-0.75,-0.75,-0.75,-0.75,-0.75,-1.08,-1.44,-0.75,-0.75,-0.83,0.00,-0.00,0.00,-0.00,0.00,-0.00,0.00,0.00,0.00,0.00,-0.00,0.00,36.71,41.79,0,11,4.64,1.47,1.47,1.47,1.47,1.47,1.47,1.47,1.47,1.47,1.47,-3.05,-0.96,-0.96,-0.96,-0.96,-0.96,-0.96,-0.96,-0.96,-0.96,-0.96,0.00,0.00,0.00,0.00,0.00,0.00,0.00,0.00,0.00,0.00,0.00
25.50,68.69,49.31,0,10,4.53,1.79,2.49,0.17,1.44,1.59,2.11,1.08,1.43,1.43,1.43,-1.27,0.00,-1.13,-0.40,-1.27,-0.40,-2.24,-0.40,-0.57,-0.40,-0.83,-0.00,-0.86,-0.00,-0.00,0.00,0.00,-0.00,-0.00,-0.00,-0.00,-0.00,0.00,51.51,40.07,0,11,4.99,1.58,1.58,1.58,1.58,1.58,1.58,1.58,1.58,1.58,1.58,-2.78,0.88,-0.88,-0.88,-0.88,-0.88,-0.88,-0.88,-0.88,-0.88,-0.88,0.00,0.00,0.00,0.00,0.00,0.00,0.00,0.00,0.00,0.00,0.00
28.00,44.30,52.51,0,10,4.52,1.43,1.43,1.57,1.43,1.43,1.43,1.43,2.77,2.80,1.43,-2.04,-0.65,-0.65,-0.65,-0.69,-3.61,-0.65,-0.65,-0.65,-1.61,-0.65,0.00,0.00,0.41,0.00,0.00,0.00,0.00,0.00,0.00,0.00,0.00,0.00,37.14,43.84,0,11,5.54,1.75,1.75,1.75,1.75,1.75,1.75,1.75,1.75,1.75,1.75,-3.29,-1.04,-1.04,-1.04,-1.04,-1.04,-1.04,-1.04,-1.04,-1.04,-1.04,0.00,0.00,0.00,0.00,0.00,0.00,0.00,0.00,0.00,0.00,0.00
23.50,41.37,27.18,0,0,3.64,1.15,1.15,1.15,2.46,1.15,1.15,1.15,2.40,1.84,1.15,-1.81,-0.57,-0.57,-0.57,-0.57,-2.38,-1.52,-0.57,-0.57,-0.57,-0.57,0.08,0.03,0.03,0.03,0.05,0.03,0.03,0.03,0.03,0.03,0.03,0.50,32.29,24.60,0,0,4.66,1.48,1.48,1.48,1.48,1.48,1.48,1.48,1.48,1.48,1.48,-2.72,-0.86,-0.86,-0.78,-0.86,-0.86,-1.27,-0.86,-0.86,-0.86,-0.86,0.25,0.08,0.08,0.08,0.08,0.08,0.08,0.08,0.07,0.08,0.08
27.00,48.66,35.37,0,7,3.97,2.14,1.26,1.26,1.26,1.26,1.26,1.26,1.26,3.41,1.26,-2.65,-0.84,-1.31,-1.06,-0.84,-0.84,-0.84,-0.84,-1.64,-1.15,-1.47,-0.00,-0.04,-0.21,-0.00,0.00,0.00,-0.12,-0.20,-0.00,-0.00,0.00,1.00,43.68,34.88,0,8,5.03,1.59,1.59,1.59,1.59,1.59,1.59,1.59,1.59,1.59,1.59,-3.52,-1.11,-1.11,-1.11,-1.11,-1.11,-1.11,-1.11,-1.11,-1.11,-1.11,0.00,-0.16,-0.54,0.00,0.00,0.00,-0.00,-0.29,0.00,0.00,0.00
26.50,43.59,39.16,0,10,4.63,0.95,2.00,1.47,1.47,1.47,1.47,1.40,1.87,1.47,1.47,-1.16,-0.37,-1.71,-0.11,-0.37,-0.37,-0.37,-1.27,-0.87,-3.55,-1.39,-0.00,-0.00,0.00,-0.27,0.00,0.00,-0.00,-0.00,-0.00,0.00,-0.00,0.00,38.02,35.99,0,11,4.99,1.58,1.58,1.58,1.58,1.58,1.58,1.58,1.58,1.58,1.58,-2.91,-0.92,-0.92,-0.92,-0.92,-0.92,-0.92,-0.92,-0.92,-0.92,-0.92,0.00,0.00,0.00,0.00,0.00,0.00,0.00,0.00,0.00,0.00,0.00
25.00,36.29,29.83,0,11,4.04,1.28,1.37,1.28,1.84,1.28,2.11,1.28,1.28,1.28,1.37,-1.47,-1.82,-1.67,-0.47,-0.94,0.13,-1.92,-0.48,-1.47,-0.94,-0.47,0.00,-0.00,-0.00,-0.00,-0.00,0.00,-0.00,0.00,0.00,0.00,-0.00,0.50,36.62,31.98,0,11,4.68,1.48,1.48,1.48,1.48,1.48,1.48,1.48,1.48,1.48,1.48,-3.70,-1.17,-1.17,-0.69,-1.17,1.17,-1.17,-1.17,-1.17,-1.17,-1.14,0.00,0.00,0.00,0.00,0.00,0.00,0.00,0.00,0.00,0.00,0.00
26.50,41.70,30.19,0,11,4.27,1.35,1.35,1.89,2.28,1.35,1.35,1.35,1.35,2.76,1.35,-3.20,-1.01,-1.01,-1.01,-1.01,-1.01,-1.01,-1.01,-1.01,-1.01,-1.01,0.00,-0.00,-0.00,0.00,-0.00,0.00,-0.00,0.00,0.00,0.00,0.00,0.50,39.43,28.42,0,11,5.21,1.65,1.65,1.65,1.65,1.65,1.65,1.65,1.65,2.15,1.65,-3.59,-1.14,-1.14,-1.14,-1.14,-1.14,-1.14,-1.14,-1.14,-1.14,-1.14,0.00,0.00,0.00,0.00,0.00,0.00,0.00,0.00,0.00,0.00,0.00
27.50,46.54,46.15,0,10,3.51,1.11,1.11,2.61,2.12,1.34,-0.54,1.11,1.11,2.90,2.45,-2.88,-0.91,-0.91,-0.91,-0.91,-0.91,-1.03,0.91,-0.91,-1.86,-0.91,-0.00,-0.00,-0.00,0.00,-0.00,-0.00,0.00,0.00,0.00,0.34,-0.00,0.50,45.81,55.62,0,10,5.83,1.84,1.84,1.84,1.97,1.84,-1.84,1.84,1.59,1.84,1.84,-3.74,-1.18,-1.18,-1.18,-1.18,-1.18,-1.18,1.18,-1.18,-1.18,-1.18,0.00,0.00,0.00,0.00,0.00,0.00,0.00,0.00,0.00,0.12,0.00
22.00,46.98,48.91,0,11,3.22,1.02,1.02,1.02,1.02,1.62,1.02,1.02,2.87,1.02,1.02,-2.62,-1.38,-0.83,-0.83,-0.83,-0.83,-0.83,-1.21,-0.83,-0.83,-0.97,-0.00,0.00,0.00,0.00,0.00,-0.00,0.00,-0.00,0.00,-0.00,-0.00,0.50,38.45,35.08,0,11,4.06,1.29,1.29,1.29,1.29,1.29,1.29,1.29,1.79,1.29,1.29,-3.04,-0.96,-0.96,-0.96,-0.96,-0.96,-0.96,-0.96,-0.96,-0.96,-0.96,0.00,0.00,0.00,0.00,0.00,0.00,0.00,0.00,0.00,0.00,0.00
27.50,36.82,40.85,0,11,5.57,1.76,1.76,1.76,1.76,1.76,1.76,1.76,1.76,1.76,1.76,-2.79,-0.88,-0.88,-0.88,-0.88,-0.88,-0.88,-0.88,-0.88,-1.94,-0.88,0.00,0.00,0.00,0.00,0.00,-0.00,0.00,0.00,0.00,0.00,0.00,0.50,34.80,46.93,0,11,6.16,1.95,1.95,1.95,1.95,1.95,1.95,1.95,1.95,1.95,1.95,-3.47,-1.10,-1.10,-1.10,-1.10,-1.10,-1.10,-1.10,-1.10,-1.60,-1.10,0.00,0.00,0.00,0.00,0.00,0.00,0.00,0.00,0.00,0.00,0.00
23.00,39.72,34.05,0,10,4.06,1.29,1.29,1.29,1.29,1.29,1.29,1.29,1.29,1.29,1.29,-1.92,-0.61,-0.61,-0.61,-0.61,-1.80,-1.41,-0.61,-0.61,-2.59,-0.61,0.00,0.00,-0.00,0.10,0.00,0.00,-0.00,0.00,0.00,0.00,0.00,2.00,34.16,33.60,0,10,4.48,1.42,1.42,1.42,1.42,1.42,1.42,1.42,1.42,1.42,1.42,-2.82,-0.87,-0.89,-0.89,-0.89,-0.89,-1.22,-0.89,-0.89,-2.13,-0.89,0.00,0.00,0.00,0.41,0.00,0.00,0.00,0.00,0.00,0.00,0.00
25.00,30.69,33.47,0,11,4.35,2.51,1.38,1.38,1.38,1.38,1.38,1.38,1.38,1.49,0.50,-2.99,-1.30,-0.95,-0.95,-0.95,-0.95,-1.03,-0.95,-0.95,-0.95,-1.04,-0.00,0.00,-0.00,0.00,-0.00,-0.00,-0.00,-0.00,-0.00,-0.00,-0.00,0.00,32.14,35.16,0,11,4.76,1.50,1.50,1.50,1.50,1.50,1.50,1.50,1.50,1.50,1.50,-3.42,-1.08,-1.08,-1.08,-1.08,-1.08,-1.08,-1.08,-1.08,-1.08,-1.08,0.00,0.00,0.00,0.00,0.00,0.00,0.00,0.00,0.00,0.00,0.00
24.50,39.99,40.02,0,10,3.72,1.18,1.18,1.18,1.18,1.18,1.18,1.82,1.99,1.18,3.55,-1.62,-0.93,-1.36,-0.82,-0.51,-0.51,-0.51,-0.51,-1.70,-1.25,-0.51,-0.00,0.00,-0.00,-0.00,-0.00,0.00,0.00,-0.00,-0.29,0.00,-0.00,3.00,33.22,29.85,0,10,4.40,1.39,1.39,1.39,1.39,1.39,1.29,1.39,1.57,1.39,3.01,-2.63,-0.83,-0.83,-0.83,-0.83,-0.83,-0.83,-0.83,-0.83,-1.19,-0.83,0.00,0.00,0.00,0.00,0.00,0.00,0.00,0.00,-0.74,0.00,0.00
27.50,39.31,37.38,0,9,4.36,1.38,1.38,1.46,1.54,1.38,1.38,1.38,1.73,1.38,0.95,-0.87,-0.38,-2.31,-0.27,-1.50,-2.36,-0.27,-2.98,-1.16,-0.32,-0.28,-0.00,0.96,0.00,-0.00,0.00,-0.32,-0.00,-0.00,0.00,0.00,-0.00,7.50,33.94,35.69,0,9,4.74,1.50,1.28,1.50,1.50,1.50,1.50,1.50,1.50,1.50,1.01,-2.20,-0.70,-2.11,-0.60,-0.70,-2.00,-0.41,-1.98,-1.00,-0.70,-0.70,0.00,1.29,0.00,0.00,0.00,-0.81,0.00,0.00,0.00,0.00,0.00
26.50,37.84,41.50,0,11,4.10,1.30,2.76,1.30,1.30,1.30,1.30,1.30,1.30,1.30,2.31,-3.16,-1.00,-1.00,-1.00,-1.00,-1.00,-1.00,-1.00,-1.00,-1.00,-2.07,0.00,-0.00,0.00,-0.00,-0.00,0.00,0.00,-0.00,-0.00,0.00,-0.00,0.50,34.94,37.35,0,11,4.90,1.55,2.05,1.55,1.55,1.55,1.55,1.55,1.55,1.55,1.55,-3.77,-1.19,-1.19,-1.19,-1.19,-1.19,-1.19,-1.19,-1.19,-1.19,-1.19,0.00,0.00,0.00,0.00,0.00,0.00,0.00,0.00,0.00,0.00,0.00
27.00,39.89,33.81,0,11,4.31,1.36,1.36,1.36,1.36,1.36,1.87,1.36,2.46,1.36,2.33,-2.49,-2.10,-0.79,-0.82,-0.79,-2.16,0.54,-0.97,-0.79,-0.79,-0.79,0.00,0.00,0.00,0.00,0.00,-0.00,0.00,-0.00,-0.00,-0.00,-0.00,2.00,38.50,33.86,0,11,4.90,1.55,1.55,1.55,1.55,1.55,1.55,1.55,2.03,1.55,2.07,-3.43,-1.68,-1.09,-1.09,-0.96,-1.31,1.14,-1.09,-1.09,-1.09,-1.09,0.00,0.00,0.00,0.00,0.00,0.00,0.00,0.00,0.00,0.00,0.00
23.50,37.24,46.46,0,10,4.85,1.53,1.53,1.53,1.79,1.53,1.53,1.03,0.38,1.53,1.53,-2.39,-0.76,-0.76,-0.76,-0.76,-0.76,-0.76,-0.76,-0.76,-0.76,-0.20,0.00,0.00,0.00,0.00,0.00,-0.00,-0.00,0.00,0.00,0.00,0.33,0.50,31.99,30.17,0,10,5.01,1.58,1.58,1.58,1.58,1.58,1.58,1.58,1.55,1.58,1.58,-2.78,-0.88,-0.88,-0.88,-0.88,-0.88,-0.88,-0.88,-0.88,-0.88,-0.88,0.00,0.00,0.00,0.00,0.00,0.00,0.00,0.00,0.00,0.00,0.46
25.50,37.88,41.81,0,10,4.98,1.57,1.57,1.57,1.57,1.99,1.57,1.57,3.29,1.79,1.57,-2.14,-0.68,-0.68,-0.68,-0.68,-0.94,-0.68,-1.00,-0.68,-0.68,-0.68,-0.00,-0.00,-0.00,0.00,0.00,0.00,-0.00,0.00,0.00,-0.07,0.00,0.00,33.07,38.67,0,11,5.94,1.88,1.88,1.88,1.88,1.88,1.88,1.88,1.88,1.88,1.88,-2.84,-0.90,-0.90,-0.90,-0.90,-0.90,-0.90,-0.90,-0.90,-0.90,-0.90,0.00,0.00,0.00,0.00,0.00,0.00,0.00,0.00,0.00,0.00,0.00
27.00,37.77,38.07,0,9,3.98,3.08,1.26,1.26,1.58,1.26,1.26,2.11,1.26,2.07,1.26,-1.91,-0.61,-0.85,-0.61,-0.61,-0.61,-0.90,-0.61,-1.11,-2.76,-1.19,-0.00,0.00,0.00,0.00,0.00,0.67,0.11,-0.00,0.00,-0.00,-0.00,0.00,33.17,30.68,0,11,5.00,1.58,1.58,1.58,1.58,1.58,1.58,1.58,1.58,1.58,1.58,-3.01,-0.95,-0.95,-0.95,-0.95,-0.95,-0.95,-0.95,-0.95,-0.95,-0.95,0.00,0.00,0.00,0.00,0.00,0.00,0.00,0.00,0.00,0.00,0.00
25.50,42.18,46.77,0,11,3.52,1.11,3.10,2.45,1.11,1.11,2.03,1.29,1.11,1.11,1.11,-2.03,-0.64,-2.10,-0.64,-0.67,-0.64,-1.88,-0.64,-0.64,-0.64,-1.44,-0.00,-0.00,0.00,0.00,-0.00,0.00,0.00,-0.00,-0.00,0.00,-0.00,1.50,39.69,34.86,0,11,4.56,1.44,2.34,1.49,1.44,1.44,1.44,1.44,1.44,1.44,1.44,-3.17,-1.00,-1.34,-1.00,-1.00,-0.79,-1.00,-1.00,-1.00,-1.00,-1.00,0.00,0.00,0.00,0.00,0.00,0.00,0.00,0.00,0.00,0.00,0.00
30.50,57.22,36.91,0,8,5.12,0.65,1.62,1.95,1.73,0.35,1.62,1.62,0.73,1.84,1.48,-1.05,0.33,-2.86,-0.33,-0.63,0.28,-1.20,-0.33,-2.01,-1.77,-2.07,-0.00,-0.00,0.00,0.00,0.00,0.12,1.39,-0.25,0.00,-0.00,-0.00,4.00,52.22,26.24,0,9,4.93,1.07,1.56,1.56,1.56,1.56,1.56,1.56,0.46,1.56,1.56,-4.16,1.32,-1.32,-1.16,-1.32,1.32,-1.32,-0.61,-1.80,-1.32,-1.32,0.00,0.00,0.00,0.00,0.00,0.30,0.78,-0.00,0.00,0.00,0.00
25.50,32.81,28.25,0,11,4.84,1.53,1.66,1.53,1.53,1.53,1.53,1.53,1.53,1.53,1.53,-3.14,-0.99,-0.99,-1.13,-0.99,-0.99,-0.99,-0.99,-0.99,-0.99,-0.99,0.00,0.00,0.00,0.00,0.00,-0.00,-0.00,0.00,0.00,0.00,-0.00,0.00,37.21,31.80,0,11,5.33,1.68,1.68,1.68,1.68,1.68,1.68,1.68,1.68,1.68,1.68,-3.65,-1.16,-1.16,-1.16,-1.16,-1.16,-1.16,-1.16,-1.16,-1.16,-1.16,0.00,0.00,0.00,0.00,0.00,0.00,0.00,0.00,0.00,0.00,0.00
20.00,41.33,30.94,0,11,3.53,1.28,1.12,1.12,1.12,1.82,1.12,1.12,1.12,1.12,2.26,-1.75,-0.55,-0.55,-0.55,-0.55,-0.55,-0.55,-0.73,-1.66,-0.55,-0.55,0.00,-0.00,0.00,0.00,0.00,-0.00,-0.00,-0.00,0.00,-0.00,-0.00,0.00,34.15,24.82,0,11,4.48,1.42,1.42,1.42,1.42,1.42,1.42,1.42,1.42,1.42,1.42,-2.59,-0.82,-0.82,-0.82,-0.82,-0.82,-0.82,-0.82,-0.82,-0.82,-0.82,0.00,0.00,0.00,0.00,0.00,0.00,0.00,0.00,0.00,0.00,0.00
24.50,35.87,40.69,0,11,4.35,1.38,1.38,1.38,1.38,1.38,1.38,1.38,2.68,1.38,1.38,-2.62,-0.83,-0.83,-1.92,-0.83,-0.83,-0.83,-0.83,-0.83,-0.88,-0.83,-0.00,-0.00,0.00,0.00,0.00,0.00,0.00,0.00,-0.00,0.00,-0.00,0.00,40.06,41.63,0,11,5.17,1.63,1.63,1.63,1.63,1.63,1.63,1.63,1.63,1.63,1.63,-3.38,-1.07,-1.07,-1.07,-1.07,-1.07,-1.07,-1.07,-1.07,-1.07,-1.07,0.00,0.00,0.00,0.00,0.00,0.00,0.00,0.00,0.00,0.00,0.00
23.00,45.49,52.52,0,9,4.28,1.35,1.35,1.35,1.51,1.35,2.78,1.35,1.35,1.35,1.35,-1.92,-0.61,-0.61,-0.61,-0.61,-0.61,-1.12,-1.34,-0.61,-0.61,-0.61,-0.00,-0.00,0.00,-0.00,0.00,-0.10,-0.00,-0.00,-0.00,-0.45,-0.00,0.00,38.33,47.42,0,11,5.14,1.63,1.63,1.63,1.63,1.63,1.63,1.63,1.63,1.63,1.63,-2.69,-0.85,-0.85,-0.85,-0.85,-0.85,-0.85,-0.85,-0.85,-0.85,-0.85,0.00,0.00,0.00,0.00,0.00,0.00,0.00,0.00,0.00,0.00,0.00
26.00,36.87,49.79,0,11,4.53,1.43,1.43,1.43,1.43,1.43,1.43,1.43,1.43,1.43,1.43,-1.73,-0.95,-0.55,-2.15,-2.50,-2.78,-0.55,-0.55,-0.09,-0.55,-0.55,0.00,0.00,0.00,0.00,0.00,0.00,0.00,0.00,0.00,0.00,0.00,0.00,36.86,35.28,0,11,5.06,1.60,1.60,1.60,1.60,1.60,1.60,1.60,1.60,1.60,1.60,-3.42,-1.08,-1.08,-1.08,-1.08,-1.08,-1.08,-1.08,-1.08,-1.08,-1.08,0.00,0.00,0.00,0.00,0.00,0.00,0.00,0.00,0.00,0.00,0.00
24.50,45.14,53.66,0,9,3.82,1.92,1.21,1.21,1.21,1.22,1.21,1.21,1.21,1.21,1.06,-1.54,-0.49,-1.21,-1.12,-0.69,-2.65,-0.49,-0.49,-1.08,-0.49,-2.35,0.00,-0.00,0.00,0.00,-0.00,-0.00,-0.39,-0.00,0.00,0.00,-0.24,0.00,33.51,44.10,0,11,4.53,1.43,1.43,1.43,1.43,1.43,1.43,1.43,1.43,1.43,1.43,-3.44,-1.09,-1.09,-1.09,-1.09,-1.09,-1.09,-1.09,-1.09,-1.09,-1.09,0.00,0.00,0.00,0.00,0.00,0.00,0.00,0.00,0.00,0.00,0.00
23.00,44.42,41.89,0,10,4.19,1.32,1.32,1.32,1.32,1.13,1.32,2.52,1.32,1.32,1.46,-1.67,-2.13,-0.53,-0.77,-0.53,-0.53,-0.53,-0.53,-0.26,-0.75,-0.89,0.00,-0.00,0.00,0.00,-0.00,0.00,0.00,0.00,0.72,0.00,0.00,0.00,40.58,44.51,0,11,5.00,1.58,1.58,1.58,1.58,1.58,1.58,1.58,1.58,1.58,1.58,-2.64,-0.84,-0.84,-0.84,-0.84,-0.84,-0.84,-0.84,-0.84,-0.84,-0.84,0.00,0.00,0.00,0.00,0.00,0.00,0.00,0.00,0.00,0.00,0.00
26.00,46.41,41.18,0,7,3.17,1.71,1.31,1.00,2.07,1.00,1.12,1.00,1.00,0.78,0.83,-1.82,-3.18,-0.58,-0.58,-0.58,-3.37,-0.58,-0.58,-0.58,-0.37,-0.58,0.00,-0.00,0.00,0.00,-0.55,0.00,0.09,-0.75,1.24,-0.00,-0.00,0.00,35.41,35.37,0,11,3.77,1.19,1.19,1.19,1.19,1.19,1.19,1.19,1.19,1.19,1.19,-3.06,-0.97,-0.97,-0.97,-0.97,-0.97,-0.97,-0.97,-0.97,-0.97,-0.97,0.00,0.00,0.00,0.00,0.00,0.00,0.00,0.00,0.00,0.00,0.00
25.50,42.28,36.79,0,10,4.62,1.46,1.46,0.74,1.78,1.46,1.69,2.37,1.46,1.46,1.46,-1.82,-0.58,-0.58,-0.74,-1.51,-1.50,-2.12,-0.58,-0.58,-0.62,-0.58,0.00,0.00,0.00,-0.00,-0.00,0.06,0.00,-0.00,0.00,0.00,0.00,0.00,38.95,36.09,0,11,5.01,1.59,1.59,1.59,1.59,1.59,1.59,1.59,1.59,1.59,1.59,-2.89,-0.91,-0.91,-0.91,-0.91,-0.91,-0.91,-0.91,-0.91,-0.91,-0.91,0.00,0.00,0.00,0.00,0.00,0.00,0.00,0.00,0.00,0.00,0.00
23.00,37.74,52.15,0,11,3.93,2.50,1.24,1.24,1.24,1.65,2.25,1.24,1.29,1.24,0.90,-1.92,-1.65,-0.61,-0.99,-0.61,-0.61,-0.61,-0.61,-0.97,-0.61,-0.61,-0.00,-0.00,0.00,-0.00,0.00,0.00,-0.00,0.00,-0.00,0.00,-0.00,2.50,31.86,46.72,0,11,4.94,1.78,1.56,1.56,1.56,1.56,1.70,1.56,1.56,1.53,0.34,-2.52,-1.43,-0.80,-0.80,-0.80,-0.80,-0.80,-0.80,-0.80,-0.80,-0.54,0.00,0.00,0.00,0.00,0.00,0.00,0.00,0.00,0.00,0.00,0.00
25.50,38.76,46.14,0,11,4.64,1.47,1.44,1.47,1.47,1.47,2.78,1.47,1.65,1.60,1.47,-2.64,-0.83,-0.83,-0.83,-0.83,-0.83,-1.70,-0.83,-0.83,-0.83,-0.83,0.00,-0.00,-0.00,0.00,0.00,-0.00,0.00,0.00,0.00,-0.00,-0.00,0.00,39.04,38.31,0,11,5.50,1.74,1.74,1.74,1.74,1.74,1.74,1.74,1.74,1.74,1.74,-3.29,-1.04,-1.04,-1.04,-1.04,-1.04,-1.04,-1.04,-1.04,-1.04,-1.04,0.00,0.00,0.00,0.00,0.00,0.00,0.00,0.00,0.00,0.00,0.00
25.00,40.18,41.47,0,11,4.44,1.40,1.40,1.40,1.40,1.40,1.40,1.40,1.40,1.40,1.40,-3.08,-0.97,-0.97,-0.97,-1.09,-0.97,-2.09,-0.97,-0.97,-0.97,-0.97,0.00,0.00,-0.00,0.00,-0.00,0.00,0.00,0.00,0.00,-0.00,-0.00,0.00,37.13,40.83,0,11,4.87,1.54,1.54,1.54,1.54,1.54,1.54,1.54,1.54,1.54,1.54,-3.76,-1.19,-1.19,-1.19,-1.19,-1.19,-1.19,-1.19,-1.19,-1.19,-1.19,0.00,0.00,0.00,0.00,0.00,0.00,0.00,0.00,0.00,0.00,0.00
24.00,33.52,32.99,0,10,3.67,1.77,1.42,1.16,1.16,1.65,1.16,1.84,2.67,1.16,1.16,-2.02,-0.64,-2.05,-0.64,-0.64,-0.64,-1.18,-1.01,-0.64,-0.64,-0.64,-0.00,0.00,-0.00,-0.00,-0.00,-0.00,-0.00,-0.14,-0.00,-0.00,-0.00,0.00,30.44,25.05,0,11,4.85,1.53,1.53,1.53,1.53,1.53,1.53,1.53,1.53,1.53,1.53,-2.93,-0.93,-0.93,-0.93,-0.93,-0.93,-0.93,-0.93,-0.93,-0.93,-0.93,0.00,0.00,0.00,0.00,0.00,0.00,0.00,0.00,0.00,0.00,0.00
23.00,39.45,29.20,0,10,4.50,1.42,1.42,1.42,1.42,2.13,1.42,1.42,2.07,1.77,1.42,-1.80,-1.03,-0.57,-0.57,-0.57,-0.57,-0.57,-0.79,-1.02,-0.57,-0.57,-0.00,-0.00,-0.00,-0.00,-0.00,-0.00,-0.26,-0.00,-0.00,-0.00,-0.00,0.00,33.97,25.96,0,11,5.27,1.67,1.67,1.67,1.67,1.67,1.67,1.67,1.67,1.67,1.67,-2.56,-0.81,-0.81,-0.81,-0.81,-0.81,-0.81,-0.81,-0.81,-0.81,-0.81,0.00,0.00,0.00,0.00,0.00,0.00,0.00,0.00,0.00,0.00,0.00
25.50,31.17,51.35,0,11,4.75,1.50,1.49,1.50,1.50,1.50,2.47,2.23,1.50,1.50,1.50,-2.39,-0.76,-0.76,-0.76,-0.89,-1.61,-0.76,-0.76,-0.76,-1.00,-0.76,0.00,0.00,0.00,0.00,0.00,0.00,0.00,0.00,-0.00,-0.00,0.00,0.50,33.20,50.19,0,11,5.44,1.72,1.64,1.72,1.72,1.72,2.14,1.72,1.72,1.72,1.72,-3.08,-0.97,-0.97,-0.97,-0.97,-0.97,-0.97,-0.97,-0.97,-0.97,-0.97,0.00,0.00,0.00,0.00,0.00,0.00,0.00,0.00,0.00,0.00,0.00
23.50,42.53,34.91,0,10,4.02,1.27,1.95,1.27,1.84,1.27,1.27,1.27,1.27,1.27,1.72,-1.95,-0.62,-0.62,-0.62,-0.62,-0.62,-1.00,-0.62,-0.62,-2.79,-0.62,-0.00,0.00,-0.00,0.00,-0.00,-0.00,-0.00,-0.00,-0.38,-0.00,-0.00,2.50,41.41,27.75,0,10,4.82,1.52,1.74,1.52,1.52,1.52,1.52,1.52,1.52,1.52,1.52,-2.81,-0.46,-0.63,-0.89,-0.89,-0.89,-0.89,-0.89,-0.89,-1.86,-0.89,0.00,0.00,0.00,0.00,0.00,0.00,0.00,0.00,-0.61,0.00,0.00
22.50,44.19,38.21,0,11,4.70,1.49,1.49,1.49,1.49,1.49,1.49,1.49,1.49,1.49,1.49,-1.81,-1.37,-0.57,-0.57,-0.57,-0.57,-0.57,-0.57,-0.57,-0.57,-1.68,-0.00,0.00,0.00,-0.00,-0.00,-0.00,-0.00,-0.00,-0.00,-0.00,-0.00,0.00,35.42,35.27,0,11,5.12,1.62,1.62,1.62,1.62,1.62,1.62,1.62,1.62,1.62,1.62,-2.71,-0.86,-0.86,-0.86,-0.86,-0.86,-0.86,-0.86,-0.86,-0.86,-0.86,0.00,0.00,0.00,0.00,0.00,0.00,0.00,0.00,0.00,0.00,0.00
25.00,53.33,45.43,0,11,3.21,2.18,2.51,-0.84,1.30,2.44,1.02,1.02,1.02,-0.38,1.66,-2.29,-0.72,-1.03,-0.72,-0.72,-0.72,-1.03,-2.72,-0.72,-0.72,-0.72,-0.00,-0.00,-0.00,0.00,0.00,0.00,0.00,-0.00,-0.00,0.00,0.00,0.00,49.34,39.96,0,11,5.38,1.70,1.70,-1.70,1.70,1.70,1.70,1.70,1.70,-1.70,1.70,-3.27,-1.03,-1.03,-1.03,-1.03,-1.03,-1.03,-1.03,-1.03,-1.03,-1.03,0.00,0.00,0.00,0.00,0.00,0.00,0.00,0.00,0.00,0.00,0.00
24.00,47.19,61.65,0,9,4.00,1.27,2.19,1.27,1.27,1.27,1.27,1.27,1.27,1.86,1.27,-1.65,-3.69,-0.52,-0.52,-0.52,-1.00,-0.52,-0.52,-1.19,-0.52,-0.52,-0.00,0.00,0.00,-0.00,-0.00,0.04,0.00,0.00,-0.00,-0.25,-0.00,0.00,35.75,47.13,0,11,5.00,1.58,1.58,1.58,1.58,1.58,1.58,1.58,1.58,1.58,1.58,-3.16,-1.00,-1.00,-1.00,-1.00,-1.00,-1.00,-1.00,-1.00,-1.00,-1.00,0.00,0.00,0.00,0.00,0.00,0.00,0.00,0.00,0.00,0.00,0.00
26.50,37.27,46.06,0,11,4.13,1.31,1.31,1.31,3.00,1.31,1.05,2.30,1.31,0.38,1.31,-1.84,-0.69,-0.58,0.30,-0.58,-0.83,-2.65,-0.83,-1.36,-2.07,-0.58,-0.00,-0.00,0.00,-0.00,-0.00,-0.00,-0.00,-0.00,-0.00,-0.00,-0.00,25.00,38.54,50.91,0,11,6.75,1.29,1.14,0.40,2.58,1.38,0.36,2.34,1.79,-0.47,2.13,0.25,-1.15,-0.52,-0.04,-0.96,-1.33,-2.89,-1.23,-2.40,-3.16,-0.90,0.00,0.00,0.00,0.00,0.00,0.00,0.00,0.00,0.00,0.00,0.00
27.00,41.04,32.47,0,9,5.02,1.59,1.59,1.76,1.59,1.68,1.59,1.94,1.59,1.59,1.59,-1.99,-0.63,-2.58,-1.45,-0.63,-0.97,-0.63,-0.63,-0.72,-0.63,-0.63,0.00,0.94,-0.00,0.07,0.00,0.00,-0.00,0.00,0.00,-0.00,0.00,0.00,35.38,30.02,0,11,5.54,1.75,1.75,1.75,1.75,1.75,1.75,1.75,1.75,1.75,1.75,-3.21,-1.01,-1.01,-1.01,-1.01,-1.01,-1.01,-1.01,-1.01,-1.01,-1.01,0.00,0.00,0.00,0.00,0.00,0.00,0.00,0.00,0.00,0.00,0.00
23.00,44.12,37.26,0,10,4.11,1.30,1.30,1.49,1.43,1.30,1.30,2.66,1.30,1.48,1.28,-2.36,-0.75,-0.84,-0.75,-0.75,-0.75,-0.75,-0.75,-0.90,-0.75,-0.75,0.00,0.00,0.00,0.00,0.00,-0.00,-0.00,0.00,0.43,0.00,0.00,0.00,37.40,32.88,0,11,4.88,1.54,1.54,1.54,1.54,1.54,1.54,1.54,1.54,1.54,1.54,-2.82,-0.89,-0.89,-0.89,-0.89,-0.89,-0.89,-0.89,-0.89,-0.89,-0.89,0.00,0.00,0.00,0.00,0.00,0.00,0.00,0.00,0.00,0.00,0.00
29.00,38.14,27.98,0,9,5.00,1.58,1.58,1.58,2.20,1.58,1.58,1.58,1.58,1.58,2.64,-2.83,-1.13,-0.54,-0.90,-2.02,-1.45,-0.73,-0.90,-1.04,-0.90,-0.90,0.00,0.00,0.00,0.00,0.00,0.44,0.00,0.00,0.05,0.00,0.00,0.50,35.84,25.38,0,10,5.50,1.74,1.74,1.74,1.74,1.74,1.74,1.74,1.74,1.74,1.74,-3.40,-1.08,-0.95,-1.08,-1.08,-1.08,-1.08,-1.08,-1.08,-1.08,-1.08,0.00,0.00,0.00,0.00,0.00,0.00,0.00,0.00,0.38,0.00,0.00
24.50,43.27,40.41,0,9,3.77,1.57,1.62,1.19,1.19,3.42,1.19,1.19,1.19,1.19,1.19,-2.59,-0.82,-1.29,-0.82,-0.82,-0.82,-0.82,-1.36,-0.82,-0.82,-0.82,-0.00,-0.00,-0.00,-0.00,-0.00,-0.00,-0.00,-0.00,-0.00,-0.34,-0.00,0.50,39.83,41.38,0,9,4.85,1.53,1.53,1.53,1.53,1.71,1.53,1.53,1.53,1.53,1.53,-3.29,-1.04,-1.04,-1.04,-1.04,-1.04,-1.04,-1.04,-1.04,-1.04,-1.04,0.00,0.00,0.00,0.00,0.00,0.00,0.00,0.00,-0.06,-0.26,0.00
25.50,37.84,45.74,0,10,3.72,1.18,1.63,1.33,1.18,1.18,2.03,2.43,1.18,2.36,0.84,-2.40,-1.43,-0.76,-0.76,-0.76,-0.76,-0.76,-0.76,-0.76,-1.52,-1.03,-0.00,-0.00,-0.53,0.00,-0.00,-0.00,-0.00,-0.00,0.00,0.00,0.00,1.50,31.46,40.53,0,10,4.78,1.51,1.51,1.51,1.51,1.51,1.51,1.92,1.51,1.51,0.96,-3.02,-0.96,-0.96,-0.96,-0.96,-0.96,-0.96,-0.96,-0.96,-0.96,-0.96,0.00,0.00,-0.54,0.00,0.00,0.00,0.00,0.00,0.00,0.00,0.00
27.50,45.86,44.58,6,0,3.87,1.22,1.22,1.40,1.31,4.83,1.22,1.22,1.22,1.87,1.22,-0.00,-1.61,-0.00,-2.57,-1.86,-0.00,-3.47,-0.00,-0.00,-0.00,-0.85,0.08,0.02,0.17,0.02,0.02,0.02,0.02,0.02,0.02,0.02,0.02,9.50,45.21,40.07,6,0,5.15,1.63,1.63,1.63,1.63,2.04,1.63,1.63,1.63,1.63,1.63,0.00,-1.49,0.00,-1.69,-2.28,0.00,-3.03,0.00,0.00,0.00,-0.60,0.26,0.08,0.08,0.08,0.08,0.08,0.08,0.08,0.08,0.08,0.08
25.50,40.30,32.35,0,11,5.37,1.70,1.70,1.70,2.30,1.70,1.70,1.70,1.70,1.70,1.70,-2.09,-0.68,-0.66,-0.66,-0.66,-0.66,-0.69,-0.66,-1.03,-0.66,-1.54,0.00,0.00,0.00,0.00,0.00,0.00,0.00,0.00,0.00,-0.00,0.00,2.00,36.45,29.94,0,11,6.03,1.91,1.55,1.91,1.91,1.91,1.91,1.91,1.91,1.91,1.91,-3.18,-1.01,-1.01,-1.01,-1.01,-0.67,-1.01,-0.30,-1.01,-0.63,-1.24,0.00,0.00,0.00,0.00,0.00,0.00,0.00,0.00,0.00,0.00,0.00
30.00,49.27,43.54,0,10,4.52,2.32,3.11,0.71,2.77,1.43,1.43,2.24,1.43,1.43,1.43,-1.77,-0.56,-0.56,-0.42,-0.46,-0.56,-1.84,-1.75,-0.56,-2.08,-0.56,0.00,-0.00,-0.00,-0.00,0.00,0.00,1.39,0.00,0.00,0.00,0.00,2.50,40.06,43.12,0,10,5.50,1.74,2.50,1.41,1.74,1.74,1.74,1.74,1.74,1.74,1.74,-2.68,-0.85,-0.75,-0.85,-0.85,-0.85,-1.02,-0.87,-0.85,-0.85,-0.85,0.00,0.00,0.00,0.00,0.00,0.00,1.11,0.00,0.00,0.00,0.00
26.00,37.33,33.95,0,9,4.47,1.52,1.41,1.41,1.41,1.41,1.41,1.41,2.25,1.41,1.41,-2.79,-1.47,-1.46,-0.88,-0.88,-0.88,-0.88,-0.88,-0.88,-0.88,-0.88,-0.00,-0.04,-0.91,-0.00,-0.00,-0.00,-0.00,-0.00,-0.00,-0.00,0.00,0.00,34.75,36.87,0,11,5.05,1.60,1.60,1.60,1.60,1.60,1.60,1.60,1.60,1.60,1.60,-3.46,-1.09,-1.09,-1.09,-1.09,-1.09,-1.09,-1.09,-1.09,-1.09,-1.09,0.00,0.00,0.00,0.00,0.00,0.00,0.00,0.00,0.00,0.00,0.00
28.50,42.22,56.95,0,6,3.73,1.18,1.18,2.49,0.59,1.21,1.18,2.64,3.66,1.36,1.18,-1.68,-0.53,-1.15,-3.93,-0.96,-0.53,-0.53,-0.53,-0.53,-1.08,-0.53,-0.00,-0.01,0.00,-0.40,-0.01,-0.00,0.00,-0.00,-0.28,-0.24,-0.00,0.00,33.56,39.36,0,11,5.12,1.62,1.62,1.62,1.62,1.62,1.62,1.62,1.62,1.62,1.62,-3.06,-0.97,-0.97,-0.97,-0.97,-0.97,-0.97,-0.97,-0.97,-0.97,-0.97,0.00,0.00,0.00,0.00,0.00,0.00,0.00,0.00,0.00,0.00,0.00
30.00,49.86,38.04,0,8,5.09,1.61,1.61,1.90,1.61,1.61,1.47,0.04,2.42,1.61,1.61,-1.23,-2.69,-0.39,-0.39,-0.48,-1.78,-0.39,-0.39,-0.39,-2.28,-1.27,0.00,1.52,0.00,-0.00,0.00,0.00,-0.00,-0.59,-0.23,0.00,-0.00,0.00,38.83,35.58,0,11,5.15,1.63,1.63,1.63,1.63,1.63,1.63,1.63,1.63,1.63,1.63,-2.96,-0.94,-0.94,-0.94,-0.94,-0.94,-0.94,-0.94,-0.94,-0.94,-0.94,0.00,0.00,0.00,0.00,0.00,0.00,0.00,0.00,0.00,0.00,0.00
23.50,38.32,45.48,0,11,3.10,3.10,0.98,0.98,0.98,2.27,0.98,0.98,0.98,1.43,0.98,-2.06,-0.65,-1.38,-0.65,-0.65,-0.65,-1.45,-1.15,-1.48,-0.65,-1.13,0.00,0.00,0.00,0.00,0.00,0.00,-0.00,0.00,0.00,0.00,0.00,1.00,31.36,36.22,0,11,4.39,1.51,1.39,1.39,1.39,1.39,1.39,1.39,1.39,1.82,1.39,-3.33,-1.05,-1.05,-1.05,-1.05,-1.05,-1.05,-1.05,-1.05,-0.60,-1.05,0.00,0.00,0.00,0.00,0.00,0.00,0.00,0.00,0.00,0.00,0.00
