Setup=1 p=33
step1 prediction
43.00( 6.87)[42.25] 41.19( 8.42)[40.90]  0.06( 0.60)[ 0.00]  9.52( 2.30)[10.00] 
step2 prediction
37.63( 5.40)[36.86] 36.77( 7.32)[35.66]  0.06( 0.60)[ 0.00] 10.15( 2.26)[11.00] 
step1 solution
 4.08( 0.66)[ 4.11]  1.52( 0.61)[ 1.39]  1.59( 0.68)[ 1.39]  1.47( 0.53)[ 1.40]  1.50( 0.41)[ 1.42]  1.57( 0.69)[ 1.38]  1.45( 0.48)[ 1.36]  1.48( 0.50)[ 1.36]  1.57( 0.65)[ 1.33]  1.53( 0.60)[ 1.42]  1.53( 0.62)[ 1.40] 
-2.02( 0.58)[-2.02] -1.02( 0.79)[-0.75] -0.90( 0.62)[-0.75] -0.89( 0.69)[-0.72] -0.78( 0.48)[-0.69] -0.98( 0.74)[-0.76] -0.98( 0.62)[-0.80] -0.89( 0.55)[-0.76] -0.94( 0.60)[-0.82] -0.99( 0.63)[-0.78] -0.90( 0.45)[-0.78] 
-0.03( 0.24)[ 0.00]  0.02( 0.25)[ 0.00] -0.04( 0.19)[ 0.00] -0.00( 0.10)[ 0.00]  0.00( 0.12)[ 0.00] -0.01( 0.16)[ 0.00]  0.05( 0.29)[ 0.00] -0.01( 0.20)[ 0.00]  0.01( 0.23)[ 0.00]  0.02( 0.25)[ 0.00]  0.00( 0.12)[ 0.00] 
step2 solution
 5.01( 0.48)[ 5.00]  1.51( 0.42)[ 1.58]  1.59( 0.27)[ 1.58]  1.55( 0.40)[ 1.58]  1.59( 0.22)[ 1.58]  1.57( 0.19)[ 1.58]  1.53( 0.44)[ 1.58]  1.62( 0.23)[ 1.59]  1.57( 0.27)[ 1.58]  1.53( 0.44)[ 1.58]  1.63( 0.37)[ 1.59] 
-3.05( 0.59)[-3.06] -0.96( 0.34)[-0.97] -0.95( 0.38)[-0.96] -0.97( 0.34)[-0.97] -0.92( 0.40)[-0.96] -0.90( 0.44)[-0.96] -1.00( 0.43)[-0.99] -0.95( 0.34)[-0.96] -1.00( 0.40)[-0.97] -1.02( 0.33)[-0.97] -0.95( 0.27)[-0.97] 
-0.05( 0.36)[ 0.00]  0.01( 0.17)[ 0.00] -0.05( 0.24)[ 0.00] -0.00( 0.15)[ 0.00]  0.01( 0.13)[ 0.00] -0.01( 0.16)[ 0.00]  0.03( 0.26)[ 0.00] -0.00( 0.18)[ 0.00]  0.00( 0.25)[ 0.00]  0.01( 0.13)[ 0.00]  0.03( 0.15)[ 0.00] 

Setup=2 p=33
step1 prediction
50.85( 7.34)[50.22] 48.14(10.81)[47.88]  1.14( 2.56)[ 0.00]  7.35( 3.38)[ 8.00] 
step2 prediction
47.24( 7.55)[46.51] 45.14(10.41)[45.11]  1.18( 2.64)[ 0.00]  8.41( 3.68)[10.00] 
step1 solution
 2.14( 1.09)[ 2.04] -0.28( 0.84)[-0.21] -0.25( 0.76)[-0.22] -0.23( 0.74)[-0.21]  1.35( 0.87)[ 1.15]  1.40( 0.93)[ 1.21]  1.19( 0.93)[ 1.04]  1.46( 0.87)[ 1.29]  1.48( 1.09)[ 1.17]  1.52( 0.96)[ 1.39]  1.44( 1.06)[ 1.11] 
-0.82( 0.70)[-0.79] -0.08( 0.57)[ 0.00]  0.00( 0.56)[ 0.00] -0.02( 0.63)[-0.04] -0.67( 0.78)[-0.39] -0.91( 1.00)[-0.49] -0.95( 0.91)[-0.66] -0.68( 0.77)[-0.42] -0.79( 0.81)[-0.59] -0.92( 0.89)[-0.61] -0.75( 0.75)[-0.47] 
-0.10( 0.50)[ 0.00]  0.02( 0.40)[ 0.00] -0.07( 0.43)[ 0.00]  0.00( 0.40)[ 0.00]  0.02( 0.32)[ 0.00]  0.01( 0.40)[ 0.00]  0.04( 0.43)[ 0.00]  0.05( 0.45)[ 0.00]  0.03( 0.42)[ 0.00]  0.03( 0.48)[ 0.00]  0.02( 0.32)[ 0.00] 
step2 solution
 4.06( 1.38)[ 4.04] -0.65( 1.35)[-1.16] -0.57( 1.28)[-1.18] -0.58( 1.27)[-1.08]  1.35( 0.50)[ 1.32]  1.39( 0.66)[ 1.32]  1.19( 0.80)[ 1.24]  1.42( 0.60)[ 1.33]  1.38( 0.74)[ 1.32]  1.37( 0.57)[ 1.31]  1.36( 0.64)[ 1.34] 
-2.14( 1.23)[-2.26]  0.13( 0.88)[ 0.00]  0.14( 0.86)[ 0.00]  0.13( 0.82)[ 0.00] -0.67( 0.71)[-0.72] -0.79( 0.73)[-0.76] -0.81( 0.75)[-0.76] -0.65( 0.69)[-0.70] -0.77( 0.62)[-0.76] -0.82( 0.60)[-0.80] -0.73( 0.64)[-0.74] 
-0.21( 0.91)[ 0.00]  0.05( 0.38)[ 0.00] -0.09( 0.43)[ 0.00]  0.02( 0.39)[ 0.00]  0.03( 0.32)[ 0.00] -0.00( 0.29)[ 0.00]  0.04( 0.43)[ 0.00]  0.06( 0.42)[ 0.00]  0.06( 0.42)[ 0.00]  0.06( 0.44)[ 0.00]  0.06( 0.37)[ 0.00] 

Setup=3 p=33
step1 prediction
37.83( 5.74)[37.06] 36.22( 7.39)[35.78]  0.29( 1.28)[ 0.00]  9.48( 2.30)[10.00] 
step2 prediction
33.57( 4.80)[33.02] 32.73( 6.29)[31.58]  0.31( 1.36)[ 0.00] 10.08( 2.30)[11.00] 
step1 solution
 4.14( 0.61)[ 4.16]  1.53( 0.58)[ 1.38]  1.58( 0.62)[ 1.39]  1.49( 0.53)[ 1.40]  1.53( 0.42)[ 1.42]  1.56( 0.64)[ 1.40]  1.47( 0.48)[ 1.38]  1.47( 0.45)[ 1.37]  1.58( 0.63)[ 1.35]  1.55( 0.60)[ 1.42]  1.55( 0.61)[ 1.38] 
-0.75( 0.42)[-0.72] -0.54( 0.66)[-0.30] -0.46( 0.55)[-0.30] -0.45( 0.61)[-0.28] -0.32( 0.36)[-0.26] -0.53( 0.63)[-0.30] -0.48( 0.51)[-0.32] -0.41( 0.44)[-0.30] -0.48( 0.50)[-0.36] -0.50( 0.54)[-0.33] -0.43( 0.39)[-0.31] 
-0.02( 0.20)[ 0.00]  0.03( 0.28)[ 0.00] -0.04( 0.18)[ 0.00] -0.01( 0.13)[ 0.00]  0.00( 0.11)[ 0.00] -0.00( 0.18)[ 0.00]  0.04( 0.24)[ 0.00] -0.01( 0.24)[ 0.00]  0.01( 0.21)[ 0.00]  0.00( 0.24)[ 0.00] -0.01( 0.11)[ 0.00] 
step2 solution
 5.00( 0.45)[ 5.00]  1.50( 0.42)[ 1.58]  1.61( 0.31)[ 1.59]  1.56( 0.37)[ 1.58]  1.57( 0.20)[ 1.58]  1.57( 0.18)[ 1.58]  1.52( 0.45)[ 1.58]  1.62( 0.23)[ 1.59]  1.59( 0.23)[ 1.58]  1.54( 0.42)[ 1.58]  1.63( 0.36)[ 1.60] 
-1.67( 0.50)[-1.73] -0.52( 0.24)[-0.55] -0.49( 0.44)[-0.53] -0.47( 0.36)[-0.53] -0.43( 0.38)[-0.52] -0.46( 0.39)[-0.51] -0.46( 0.43)[-0.54] -0.49( 0.35)[-0.52] -0.53( 0.37)[-0.55] -0.55( 0.42)[-0.56] -0.51( 0.26)[-0.55] 
-0.06( 0.34)[ 0.00]  0.01( 0.20)[ 0.00] -0.05( 0.23)[ 0.00] -0.01( 0.16)[ 0.00]  0.01( 0.12)[ 0.00] -0.01( 0.15)[ 0.00]  0.03( 0.27)[ 0.00] -0.01( 0.20)[ 0.00] -0.00( 0.22)[ 0.00] -0.00( 0.16)[ 0.00]  0.00( 0.12)[ 0.00] 

Setup=4 p=33
step1 prediction
43.18( 6.36)[42.72] 40.83( 9.24)[40.45]  2.41( 3.55)[ 0.00]  7.74( 3.18)[ 9.00] 
step2 prediction
40.05( 7.01)[39.12] 38.90( 8.75)[39.37]  2.58( 3.74)[ 0.00]  8.65( 3.36)[10.00] 
step1 solution
 2.27( 1.05)[ 2.19] -0.30( 0.84)[-0.29] -0.27( 0.72)[-0.24] -0.25( 0.72)[-0.25]  1.32( 0.78)[ 1.16]  1.40( 0.87)[ 1.25]  1.21( 0.87)[ 1.12]  1.43( 0.79)[ 1.21]  1.46( 0.97)[ 1.22]  1.52( 0.87)[ 1.42]  1.44( 0.96)[ 1.15] 
-0.43( 0.48)[-0.29] -0.30( 0.57)[-0.12] -0.20( 0.56)[-0.04] -0.21( 0.56)[-0.04] -0.31( 0.51)[-0.15] -0.51( 0.75)[-0.24] -0.55( 0.71)[-0.28] -0.34( 0.56)[-0.17] -0.44( 0.63)[-0.29] -0.49( 0.67)[-0.28] -0.40( 0.53)[-0.21] 
-0.09( 0.49)[ 0.00]  0.04( 0.39)[ 0.00] -0.05( 0.40)[ 0.00]  0.01( 0.36)[ 0.00]  0.02( 0.30)[ 0.00] -0.00( 0.35)[ 0.00]  0.05( 0.39)[ 0.00]  0.02( 0.37)[ 0.00]  0.01( 0.33)[ 0.00]  0.01( 0.41)[ 0.00]  0.02( 0.26)[ 0.00] 
step2 solution
 4.07( 1.35)[ 4.19] -0.76( 1.29)[-1.27] -0.64( 1.16)[-1.16] -0.66( 1.15)[-1.08]  1.35( 0.44)[ 1.33]  1.39( 0.68)[ 1.33]  1.20( 0.70)[ 1.29]  1.44( 0.58)[ 1.35]  1.45( 0.64)[ 1.39]  1.40( 0.59)[ 1.33]  1.42( 0.46)[ 1.35] 
-1.14( 1.09)[-1.30] -0.31( 0.54)[-0.38] -0.15( 0.56)[-0.29] -0.21( 0.65)[-0.29] -0.32( 0.52)[-0.41] -0.45( 0.64)[-0.46] -0.43( 0.66)[-0.46] -0.34( 0.50)[-0.41] -0.42( 0.51)[-0.45] -0.49( 0.60)[-0.47] -0.40( 0.46)[-0.46] 
-0.16( 0.72)[ 0.00]  0.09( 0.45)[ 0.00] -0.08( 0.32)[ 0.00]  0.03( 0.34)[ 0.00]  0.03( 0.28)[ 0.00] -0.00( 0.35)[ 0.00]  0.04( 0.40)[ 0.00]  0.02( 0.37)[ 0.00]  0.02( 0.36)[ 0.00]  0.00( 0.34)[ 0.00]  0.05( 0.29)[ 0.00] 

Setup=5 p=33
step1 prediction
35.68( 4.64)[35.53] 33.66( 7.08)[33.46]  0.27( 1.20)[ 0.00]  8.81( 2.85)[10.00] 
step2 prediction
33.68( 4.72)[32.92] 31.57( 6.32)[30.95]  0.29( 1.28)[ 0.00]  9.50( 2.90)[11.00] 
step1 solution
 2.37( 0.58)[ 2.36]  0.57( 0.62)[ 0.69]  0.63( 0.52)[ 0.71]  0.65( 0.49)[ 0.69]  0.61( 0.44)[ 0.70]  0.67( 0.61)[ 0.72]  1.23( 0.76)[ 0.99]  1.36( 0.68)[ 1.19]  1.44( 0.88)[ 1.09]  1.48( 0.80)[ 1.25]  1.39( 0.83)[ 1.11] 
-1.07( 0.55)[-0.99] -0.47( 0.53)[-0.36] -0.40( 0.60)[-0.33] -0.42( 0.55)[-0.32] -0.33( 0.41)[-0.32] -0.42( 0.55)[-0.33] -0.89( 0.77)[-0.59] -0.75( 0.67)[-0.51] -0.83( 0.67)[-0.59] -0.89( 0.72)[-0.60] -0.77( 0.59)[-0.54] 
-0.03( 0.19)[ 0.00]  0.00( 0.25)[ 0.00] -0.04( 0.28)[ 0.00] -0.02( 0.16)[ 0.00]  0.03( 0.21)[ 0.00] -0.01( 0.26)[ 0.00]  0.06( 0.29)[ 0.00]  0.02( 0.26)[ 0.00] -0.00( 0.27)[ 0.00]  0.00( 0.23)[ 0.00] -0.01( 0.16)[ 0.00] 
step2 solution
 3.51( 0.67)[ 3.38]  0.60( 0.90)[ 0.96]  0.67( 0.79)[ 0.98]  0.80( 0.65)[ 0.99]  0.78( 0.67)[ 0.99]  0.70( 0.79)[ 0.98]  1.16( 0.51)[ 1.07]  1.27( 0.48)[ 1.15]  1.31( 0.57)[ 1.12]  1.18( 0.48)[ 1.08]  1.29( 0.54)[ 1.10] 
-2.11( 0.71)[-2.16] -0.46( 0.51)[-0.61] -0.43( 0.59)[-0.62] -0.45( 0.54)[-0.62] -0.40( 0.59)[-0.61] -0.42( 0.60)[-0.64] -0.77( 0.54)[-0.70] -0.78( 0.49)[-0.71] -0.77( 0.44)[-0.69] -0.80( 0.50)[-0.70] -0.73( 0.38)[-0.71] 
-0.08( 0.52)[ 0.00]  0.03( 0.22)[ 0.00] -0.02( 0.27)[ 0.00] -0.02( 0.21)[ 0.00]  0.04( 0.24)[ 0.00] -0.01( 0.24)[ 0.00]  0.02( 0.29)[ 0.00] -0.02( 0.23)[ 0.00]  0.01( 0.33)[ 0.00]  0.03( 0.20)[ 0.00]  0.03( 0.21)[ 0.00] 

Setup=1 p=110
step1 prediction
125.77(29.23)[121.28] 115.14(35.05)[108.19]  1.23( 2.58)[ 0.00] 57.46( 7.17)[60.00] 
step2 prediction
87.87(18.65)[82.48] 80.02(20.98)[75.29]  1.32( 2.77)[ 0.00] 62.20( 5.35)[64.00] 
step1 solution
 3.36( 0.83)[ 3.45]  1.59( 1.03)[ 1.27]  1.48( 1.11)[ 1.21]  1.64( 1.17)[ 1.25]  1.40( 0.89)[ 1.15]  1.48( 1.00)[ 1.21]  1.53( 0.94)[ 1.20]  1.41( 0.81)[ 1.20]  1.45( 0.99)[ 1.17]  1.42( 0.98)[ 1.22]  1.66( 1.08)[ 1.25] 
-3.51( 1.05)[-3.58] -1.34( 0.93)[-1.23] -1.56( 0.91)[-1.31] -1.42( 0.96)[-1.25] -1.49( 0.97)[-1.27] -1.45( 0.87)[-1.27] -1.54( 0.84)[-1.27] -1.57( 1.05)[-1.29] -1.51( 0.81)[-1.33] -1.59( 1.03)[-1.27] -1.48( 0.96)[-1.32] 
 1.40( 0.85)[ 1.49]  0.82( 0.82)[ 0.59]  1.02( 0.95)[ 0.70]  0.95( 1.02)[ 0.68]  0.75( 0.79)[ 0.56]  0.91( 0.98)[ 0.59]  0.80( 0.90)[ 0.59]  0.85( 0.89)[ 0.62]  0.87( 1.00)[ 0.57]  0.96( 1.00)[ 0.65]  0.86( 0.82)[ 0.67] 
-1.44( 0.84)[-1.55] -0.73( 0.84)[-0.60] -1.02( 1.02)[-0.60] -0.80( 0.84)[-0.60] -0.88( 0.95)[-0.60] -1.00( 1.10)[-0.65] -0.76( 0.70)[-0.60] -0.95( 0.99)[-0.61] -0.85( 0.99)[-0.56] -0.95( 1.02)[-0.64] -0.84( 0.87)[-0.60] 
 0.00( 0.02)[ 0.00] -0.05( 0.34)[ 0.00]  0.03( 0.32)[ 0.00] -0.01( 0.26)[ 0.00]  0.02( 0.41)[ 0.00]  0.04( 0.40)[ 0.00]  0.04( 0.26)[ 0.00] -0.03( 0.30)[ 0.00] -0.02( 0.13)[ 0.00]  0.04( 0.50)[ 0.00]  0.03( 0.35)[ 0.00] 
 0.00( 0.00)[ 0.00] -0.10( 0.69)[ 0.00] -0.03( 0.34)[ 0.00]  0.06( 0.32)[ 0.00] -0.03( 0.27)[ 0.00]  0.07( 0.80)[ 0.00] -0.02( 0.34)[ 0.00] -0.06( 0.36)[ 0.00] -0.05( 0.39)[ 0.00] -0.05( 0.28)[ 0.00]  0.02( 0.23)[ 0.00] 
-0.00( 0.01)[ 0.00]  0.12( 0.62)[ 0.00]  0.07( 0.36)[ 0.00]  0.03( 0.31)[ 0.00] -0.05( 0.42)[ 0.00] -0.01( 0.36)[ 0.00] -0.03( 0.28)[ 0.00]  0.03( 0.42)[ 0.00] -0.01( 0.15)[ 0.00]  0.01( 0.52)[ 0.00]  0.06( 0.37)[ 0.00] 
 0.01( 0.08)[ 0.00]  0.03( 0.40)[ 0.00]  0.01( 0.41)[ 0.00] -0.05( 0.43)[ 0.00]  0.03( 0.24)[ 0.00] -0.00( 0.28)[ 0.00]  0.01( 0.33)[ 0.00] -0.01( 0.36)[ 0.00]  0.01( 0.38)[ 0.00]  0.02( 0.39)[ 0.00]  0.05( 0.32)[ 0.00] 
 0.01( 0.10)[ 0.00]  0.02( 0.39)[ 0.00]  0.03( 0.36)[ 0.00] -0.03( 0.38)[ 0.00] -0.01( 0.51)[ 0.00]  0.04( 0.34)[ 0.00]  0.07( 0.60)[ 0.00]  0.02( 0.51)[ 0.00]  0.08( 0.45)[ 0.00]  0.01( 0.31)[ 0.00]  0.05( 0.37)[ 0.00] 
 0.00( 0.11)[ 0.00] -0.05( 0.45)[ 0.00] -0.03( 0.30)[ 0.00] -0.01( 0.40)[ 0.00] -0.07( 0.47)[ 0.00] -0.01( 0.21)[ 0.00] -0.00( 0.52)[ 0.00]  0.01( 0.38)[ 0.00]  0.02( 0.54)[ 0.00]  0.04( 0.62)[ 0.00] -0.04( 0.31)[ 0.00] 
step2 solution
 5.02( 0.57)[ 5.00]  1.50( 0.60)[ 1.58]  1.49( 0.61)[ 1.57]  1.49( 0.57)[ 1.57]  1.55( 0.40)[ 1.57]  1.58( 0.35)[ 1.60]  1.54( 0.41)[ 1.57]  1.52( 0.53)[ 1.57]  1.53( 0.62)[ 1.57]  1.50( 0.72)[ 1.57]  1.56( 0.45)[ 1.58] 
-5.05( 0.58)[-5.03] -1.49( 0.70)[-1.58] -1.60( 0.33)[-1.58] -1.50( 0.54)[-1.57] -1.53( 0.55)[-1.58] -1.59( 0.42)[-1.59] -1.58( 0.27)[-1.58] -1.61( 0.31)[-1.59] -1.57( 0.41)[-1.59] -1.58( 0.38)[-1.59] -1.47( 0.66)[-1.58] 
 2.83( 1.06)[ 3.00]  0.95( 0.55)[ 0.97]  0.97( 0.52)[ 0.97]  0.94( 0.65)[ 0.95]  0.91( 0.65)[ 0.95]  0.91( 0.52)[ 0.95]  0.88( 0.64)[ 0.95]  0.83( 0.68)[ 0.95]  0.91( 0.53)[ 0.95]  1.00( 0.64)[ 0.96]  0.92( 0.64)[ 0.95] 
-2.87( 1.06)[-3.00] -0.79( 0.75)[-0.93] -0.92( 0.54)[-0.95] -0.86( 0.67)[-0.94] -0.91( 0.56)[-0.94] -0.90( 0.54)[-0.95] -0.93( 0.54)[-0.94] -0.93( 0.58)[-0.94] -0.93( 0.51)[-0.95] -0.94( 0.43)[-0.95] -0.90( 0.52)[-0.95] 
 0.01( 0.06)[ 0.00]  0.01( 0.07)[ 0.00]  0.04( 0.20)[ 0.00]  0.00( 0.02)[ 0.00]  0.01( 0.03)[ 0.00] -0.00( 0.04)[ 0.00]  0.02( 0.11)[ 0.00] -0.01( 0.12)[ 0.00]  0.01( 0.08)[ 0.00]  0.00( 0.10)[ 0.00]  0.02( 0.15)[ 0.00] 
 0.00( 0.00)[ 0.00]  0.01( 0.24)[ 0.00]  0.01( 0.10)[ 0.00]  0.02( 0.20)[ 0.00] -0.03( 0.15)[ 0.00] -0.01( 0.19)[ 0.00] -0.01( 0.13)[ 0.00] -0.02( 0.16)[ 0.00] -0.01( 0.27)[ 0.00] -0.00( 0.09)[ 0.00]  0.01( 0.14)[ 0.00] 
-0.00( 0.22)[ 0.00]  0.03( 0.18)[ 0.00] -0.00( 0.19)[ 0.00]  0.02( 0.13)[ 0.00] -0.00( 0.11)[ 0.00] -0.01( 0.18)[ 0.00] -0.03( 0.16)[ 0.00]  0.01( 0.13)[ 0.00] -0.00( 0.07)[ 0.00]  0.01( 0.17)[ 0.00]  0.03( 0.23)[ 0.00] 
 0.02( 0.23)[ 0.00]  0.01( 0.31)[ 0.00]  0.00( 0.11)[ 0.00] -0.01( 0.07)[ 0.00]  0.00( 0.11)[ 0.00] -0.00( 0.08)[ 0.00]  0.01( 0.18)[ 0.00] -0.01( 0.34)[ 0.00]  0.02( 0.25)[ 0.00] -0.02( 0.16)[ 0.00] -0.02( 0.14)[ 0.00] 
 0.01( 0.14)[ 0.00]  0.03( 0.20)[ 0.00]  0.01( 0.19)[ 0.00]  0.00( 0.10)[ 0.00]  0.01( 0.26)[ 0.00]  0.02( 0.22)[ 0.00]  0.01( 0.21)[ 0.00]  0.00( 0.12)[ 0.00]  0.03( 0.22)[ 0.00]  0.04( 0.21)[ 0.00] -0.00( 0.33)[ 0.00] 
 0.02( 0.22)[ 0.00]  0.00( 0.17)[ 0.00] -0.01( 0.13)[ 0.00]  0.00( 0.07)[ 0.00]  0.01( 0.23)[ 0.00]  0.02( 0.12)[ 0.00]  0.03( 0.21)[ 0.00] -0.01( 0.17)[ 0.00]  0.02( 0.16)[ 0.00] -0.03( 0.21)[ 0.00]  0.00( 0.08)[ 0.00] 

Setup=2 p=110
step1 prediction
142.63(27.59)[138.19] 134.44(36.74)[129.40]  9.93( 6.76)[ 8.00] 54.24( 9.17)[56.00] 
step2 prediction
129.36(28.19)[123.36] 116.54(31.77)[113.16] 10.71( 7.29)[ 9.00] 59.08( 8.70)[61.50] 
step1 solution
 1.25( 0.87)[ 1.23]  0.32( 0.78)[ 0.28]  0.17( 0.68)[ 0.18]  0.19( 0.70)[ 0.23]  1.15( 1.27)[ 0.69]  1.00( 1.08)[ 0.67]  1.19( 1.30)[ 0.74]  1.06( 1.05)[ 0.61]  1.27( 1.33)[ 0.70]  1.10( 1.06)[ 0.75]  1.37( 1.32)[ 0.79] 
-1.20( 1.02)[-1.13] -0.12( 0.60)[-0.13] -0.12( 0.71)[-0.17] -0.13( 0.60)[-0.15] -1.12( 1.26)[-0.61] -1.12( 1.26)[-0.65] -1.30( 1.17)[-0.87] -1.22( 1.44)[-0.63] -1.23( 1.28)[-0.65] -1.12( 1.22)[-0.61] -1.23( 1.31)[-0.72] 
 0.47( 0.62)[ 0.18]  0.18( 0.41)[ 0.01]  0.20( 0.60)[ 0.07]  0.03( 0.74)[ 0.00]  0.57( 0.76)[ 0.27]  0.73( 1.06)[ 0.26]  0.51( 0.73)[ 0.23]  0.73( 1.10)[ 0.28]  0.61( 1.03)[ 0.21]  0.65( 1.00)[ 0.26]  0.67( 1.00)[ 0.24] 
-0.38( 0.60)[ 0.00] -0.05( 0.57)[ 0.00] -0.23( 0.63)[ 0.00] -0.09( 0.53)[ 0.00] -0.66( 1.10)[-0.17] -0.78( 1.15)[-0.18] -0.47( 0.71)[-0.17] -0.71( 1.04)[-0.20] -0.58( 1.02)[-0.11] -0.82( 1.13)[-0.29] -0.58( 1.00)[-0.12] 
 0.00( 0.07)[ 0.00] -0.09( 0.54)[ 0.00] -0.06( 0.37)[ 0.00] -0.07( 0.44)[ 0.00]  0.07( 0.52)[ 0.00]  0.02( 0.45)[ 0.00]  0.04( 0.32)[ 0.00]  0.01( 0.38)[ 0.00]  0.05( 0.26)[ 0.00]  0.07( 0.40)[ 0.00]  0.02( 0.49)[ 0.00] 
-0.00( 0.03)[ 0.00] -0.04( 0.42)[ 0.00] -0.06( 0.55)[ 0.00]  0.09( 0.44)[ 0.00] -0.06( 0.39)[ 0.00]  0.05( 0.72)[ 0.00]  0.00( 0.61)[ 0.00] -0.07( 0.45)[ 0.00]  0.00( 0.64)[ 0.00] -0.09( 0.51)[ 0.00] -0.02( 0.43)[ 0.00] 
 0.00( 0.08)[ 0.00]  0.06( 0.60)[ 0.00]  0.06( 0.36)[ 0.00]  0.04( 0.32)[ 0.00] -0.04( 0.37)[ 0.00] -0.02( 0.49)[ 0.00] -0.01( 0.38)[ 0.00]  0.08( 0.48)[ 0.00] -0.06( 0.38)[ 0.00]  0.12( 0.57)[ 0.00]  0.12( 0.44)[ 0.00] 
 0.00( 0.05)[ 0.00]  0.10( 0.47)[ 0.00] -0.00( 0.53)[ 0.00] -0.09( 0.48)[ 0.00]  0.00( 0.47)[ 0.00]  0.05( 0.34)[ 0.00]  0.00( 0.42)[ 0.00]  0.02( 0.49)[ 0.00] -0.06( 0.61)[ 0.00] -0.01( 0.43)[ 0.00] -0.02( 0.40)[ 0.00] 
-0.00( 0.07)[ 0.00]  0.00( 0.42)[ 0.00] -0.03( 0.46)[ 0.00] -0.02( 0.44)[ 0.00]  0.00( 0.35)[ 0.00]  0.04( 0.51)[ 0.00]  0.08( 0.60)[ 0.00]  0.03( 0.42)[ 0.00]  0.07( 0.44)[ 0.00]  0.05( 0.51)[ 0.00]  0.06( 0.26)[ 0.00] 
 0.01( 0.05)[ 0.00]  0.00( 0.53)[ 0.00] -0.00( 0.38)[ 0.00]  0.02( 0.58)[ 0.00] -0.08( 0.45)[ 0.00] -0.04( 0.43)[ 0.00] -0.00( 0.52)[ 0.00]  0.06( 0.37)[ 0.00] -0.03( 0.60)[ 0.00]  0.01( 0.50)[ 0.00] -0.01( 0.36)[ 0.00] 
step2 solution
 3.01( 1.39)[ 3.17]  0.31( 1.04)[ 0.82]  0.20( 1.12)[ 0.79]  0.34( 1.02)[ 0.83]  0.99( 0.50)[ 1.04]  1.04( 0.83)[ 1.05]  1.07( 0.69)[ 1.05]  1.05( 0.58)[ 1.05]  1.13( 0.92)[ 1.06]  1.07( 0.76)[ 1.05]  1.11( 0.78)[ 1.05] 
-2.87( 1.70)[-3.18] -0.07( 1.12)[-0.36] -0.17( 1.17)[-0.77] -0.08( 1.20)[-0.45] -1.09( 0.99)[-1.04] -1.10( 0.78)[-1.04] -1.06( 0.71)[-1.02] -1.20( 1.05)[-1.04] -1.23( 0.87)[-1.08] -1.01( 0.72)[-1.02] -1.20( 0.85)[-1.10] 
 1.26( 1.25)[ 1.48]  0.28( 0.54)[ 0.20]  0.19( 0.63)[ 0.00]  0.10( 0.80)[ 0.00]  0.54( 0.73)[ 0.59]  0.63( 0.74)[ 0.61]  0.61( 0.83)[ 0.59]  0.60( 0.87)[ 0.61]  0.55( 0.59)[ 0.59]  0.68( 0.75)[ 0.63]  0.64( 0.90)[ 0.59] 
-1.15( 1.40)[ 0.00] -0.11( 0.75)[ 0.00] -0.21( 0.62)[ 0.00] -0.10( 0.67)[ 0.00] -0.60( 0.90)[-0.49] -0.64( 0.78)[-0.52] -0.51( 0.74)[-0.42] -0.67( 0.99)[-0.54] -0.53( 0.86)[-0.38] -0.63( 0.73)[-0.52] -0.57( 0.82)[-0.49] 
 0.03( 0.41)[ 0.00] -0.04( 0.40)[ 0.00] -0.05( 0.26)[ 0.00] -0.09( 0.50)[ 0.00]  0.07( 0.40)[ 0.00] -0.01( 0.26)[ 0.00]  0.03( 0.24)[ 0.00] -0.00( 0.19)[ 0.00]  0.06( 0.30)[ 0.00] -0.00( 0.24)[ 0.00] -0.00( 0.35)[ 0.00] 
-0.03( 0.25)[ 0.00]  0.01( 0.14)[ 0.00]  0.00( 0.22)[ 0.00]  0.02( 0.30)[ 0.00] -0.06( 0.31)[ 0.00] -0.04( 0.23)[ 0.00] -0.03( 0.43)[ 0.00] -0.07( 0.38)[ 0.00] -0.04( 0.40)[ 0.00]  0.00( 0.09)[ 0.00]  0.03( 0.26)[ 0.00] 
 0.02( 0.21)[ 0.00]  0.01( 0.51)[ 0.00] -0.01( 0.34)[ 0.00]  0.01( 0.16)[ 0.00] -0.00( 0.18)[ 0.00]  0.02( 0.23)[ 0.00] -0.01( 0.19)[ 0.00]  0.04( 0.21)[ 0.00] -0.02( 0.18)[ 0.00]  0.07( 0.37)[ 0.00]  0.10( 0.36)[ 0.00] 
-0.00( 0.34)[ 0.00]  0.06( 0.30)[ 0.00]  0.03( 0.31)[ 0.00] -0.05( 0.34)[ 0.00]  0.06( 0.29)[ 0.00] -0.01( 0.13)[ 0.00]  0.01( 0.33)[ 0.00] -0.01( 0.36)[ 0.00]  0.01( 0.45)[ 0.00]  0.01( 0.18)[ 0.00]  0.01( 0.22)[ 0.00] 
 0.01( 0.41)[ 0.00] -0.03( 0.19)[ 0.00] -0.01( 0.25)[ 0.00] -0.02( 0.42)[ 0.00] -0.02( 0.23)[ 0.00]  0.03( 0.42)[ 0.00]  0.04( 0.40)[ 0.00]  0.01( 0.48)[ 0.00]  0.03( 0.33)[ 0.00]  0.03( 0.34)[ 0.00]  0.05( 0.27)[ 0.00] 
 0.05( 0.27)[ 0.00] -0.00( 0.38)[ 0.00] -0.00( 0.18)[ 0.00]  0.03( 0.34)[ 0.00] -0.04( 0.32)[ 0.00] -0.02( 0.27)[ 0.00] -0.02( 0.27)[ 0.00]  0.02( 0.24)[ 0.00]  0.04( 0.24)[ 0.00]  0.03( 0.33)[ 0.00] -0.01( 0.28)[ 0.00] 

Setup=3 p=110
step1 prediction
95.29(20.38)[92.80] 88.25(26.02)[85.25]  3.39( 4.48)[ 0.00] 56.48(10.24)[59.00] 
step2 prediction
71.28(14.80)[68.43] 64.69(17.44)[60.65]  3.56( 4.73)[ 0.00] 60.67( 9.85)[63.00] 
step1 solution
 3.57( 0.76)[ 3.65]  1.64( 0.96)[ 1.31]  1.48( 0.93)[ 1.28]  1.60( 1.11)[ 1.29]  1.43( 0.82)[ 1.27]  1.45( 0.80)[ 1.27]  1.55( 0.88)[ 1.30]  1.46( 0.70)[ 1.27]  1.43( 0.84)[ 1.23]  1.48( 1.03)[ 1.29]  1.66( 0.97)[ 1.29] 
-1.47( 0.71)[-1.50] -0.64( 0.67)[-0.53] -0.73( 0.73)[-0.57] -0.63( 0.72)[-0.51] -0.73( 0.83)[-0.54] -0.68( 0.64)[-0.55] -0.75( 0.71)[-0.55] -0.78( 0.79)[-0.58] -0.78( 0.65)[-0.61] -0.79( 0.76)[-0.58] -0.78( 0.80)[-0.60] 
 1.57( 0.82)[ 1.70]  0.81( 0.73)[ 0.65]  0.98( 0.87)[ 0.71]  0.96( 0.85)[ 0.72]  0.80( 0.71)[ 0.62]  0.96( 0.96)[ 0.63]  0.83( 0.79)[ 0.66]  0.88( 0.88)[ 0.68]  0.85( 0.88)[ 0.63]  0.98( 0.89)[ 0.72]  0.86( 0.79)[ 0.67] 
-0.45( 0.49)[-0.30] -0.32( 0.56)[-0.16] -0.47( 0.70)[-0.17] -0.36( 0.63)[-0.16] -0.38( 0.67)[-0.16] -0.52( 0.86)[-0.21] -0.31( 0.44)[-0.17] -0.50( 0.69)[-0.25] -0.41( 0.80)[-0.14] -0.47( 0.79)[-0.21] -0.40( 0.65)[-0.17] 
 0.00( 0.01)[ 0.00] -0.07( 0.40)[ 0.00]  0.02( 0.30)[ 0.00] -0.01( 0.22)[ 0.00]  0.02( 0.32)[ 0.00]  0.02( 0.28)[ 0.00]  0.02( 0.16)[ 0.00]  0.01( 0.21)[ 0.00]  0.01( 0.12)[ 0.00]  0.03( 0.42)[ 0.00]  0.03( 0.24)[ 0.00] 
 0.00( 0.02)[ 0.00] -0.04( 0.39)[ 0.00] -0.03( 0.28)[ 0.00]  0.03( 0.35)[ 0.00] -0.04( 0.27)[ 0.00]  0.01( 0.38)[ 0.00] -0.01( 0.34)[ 0.00] -0.03( 0.29)[ 0.00] -0.03( 0.36)[ 0.00] -0.05( 0.23)[ 0.00]  0.02( 0.24)[ 0.00] 
 0.00( 0.04)[ 0.00]  0.08( 0.47)[ 0.00]  0.06( 0.25)[ 0.00]  0.03( 0.27)[ 0.00] -0.02( 0.34)[ 0.00] -0.02( 0.29)[ 0.00] -0.01( 0.24)[ 0.00]  0.01( 0.42)[ 0.00] -0.02( 0.30)[ 0.00]  0.00( 0.37)[ 0.00]  0.08( 0.32)[ 0.00] 
 0.01( 0.08)[ 0.00]  0.01( 0.31)[ 0.00] -0.00( 0.35)[ 0.00] -0.01( 0.25)[ 0.00]  0.03( 0.25)[ 0.00]  0.01( 0.38)[ 0.00]  0.01( 0.29)[ 0.00] -0.02( 0.30)[ 0.00] -0.02( 0.35)[ 0.00]  0.03( 0.31)[ 0.00]  0.02( 0.31)[ 0.00] 
 0.00( 0.02)[ 0.00] -0.01( 0.35)[ 0.00]  0.01( 0.25)[ 0.00]  0.00( 0.35)[ 0.00]  0.02( 0.41)[ 0.00]  0.01( 0.28)[ 0.00]  0.06( 0.38)[ 0.00]  0.01( 0.40)[ 0.00]  0.07( 0.36)[ 0.00]  0.01( 0.30)[ 0.00]  0.04( 0.25)[ 0.00] 
 0.00( 0.11)[ 0.00] -0.02( 0.42)[ 0.00] -0.02( 0.26)[ 0.00]  0.03( 0.40)[ 0.00] -0.07( 0.45)[ 0.00] -0.01( 0.18)[ 0.00]  0.02( 0.51)[ 0.00] -0.00( 0.42)[ 0.00]  0.02( 0.48)[ 0.00] -0.03( 0.49)[ 0.00] -0.02( 0.24)[ 0.00] 
step2 solution
 4.97( 0.54)[ 4.97]  1.60( 0.23)[ 1.58]  1.53( 0.36)[ 1.57]  1.41( 0.74)[ 1.57]  1.49( 0.53)[ 1.57]  1.57( 0.37)[ 1.58]  1.50( 0.49)[ 1.56]  1.58( 0.18)[ 1.58]  1.51( 0.53)[ 1.57]  1.51( 0.62)[ 1.57]  1.61( 0.29)[ 1.58] 
-2.60( 0.72)[-2.71] -0.74( 0.55)[-0.84] -0.78( 0.56)[-0.84] -0.75( 0.67)[-0.83] -0.79( 0.67)[-0.84] -0.83( 0.34)[-0.86] -0.77( 0.43)[-0.85] -0.80( 0.43)[-0.84] -0.84( 0.29)[-0.86] -0.80( 0.41)[-0.85] -0.75( 0.47)[-0.84] 
 2.89( 0.92)[ 3.00]  0.97( 0.51)[ 0.96]  0.92( 0.49)[ 0.95]  0.90( 0.41)[ 0.94]  0.94( 0.53)[ 0.96]  0.96( 0.52)[ 0.96]  0.88( 0.54)[ 0.95]  0.84( 0.70)[ 0.94]  0.90( 0.44)[ 0.95]  0.96( 0.37)[ 0.98]  0.88( 0.47)[ 0.95] 
-1.19( 0.96)[-1.42] -0.36( 0.52)[-0.45] -0.44( 0.52)[-0.48] -0.45( 0.64)[-0.47] -0.42( 0.49)[-0.46] -0.44( 0.46)[-0.47] -0.46( 0.42)[-0.48] -0.53( 0.54)[-0.51] -0.38( 0.47)[-0.45] -0.49( 0.53)[-0.48] -0.52( 0.55)[-0.49] 
 0.00( 0.10)[ 0.00]  0.01( 0.13)[ 0.00]  0.03( 0.18)[ 0.00]  0.01( 0.10)[ 0.00]  0.01( 0.15)[ 0.00] -0.02( 0.13)[ 0.00]  0.01( 0.07)[ 0.00] -0.01( 0.13)[ 0.00]  0.01( 0.07)[ 0.00] -0.01( 0.12)[ 0.00]  0.02( 0.18)[ 0.00] 
 0.03( 0.43)[ 0.00]  0.02( 0.24)[ 0.00] -0.03( 0.17)[ 0.00] -0.00( 0.23)[ 0.00] -0.06( 0.28)[ 0.00] -0.03( 0.24)[ 0.00]  0.00( 0.20)[ 0.00] -0.01( 0.20)[ 0.00]  0.01( 0.26)[ 0.00] -0.02( 0.15)[ 0.00] -0.00( 0.30)[ 0.00] 
 0.01( 0.11)[ 0.00]  0.02( 0.14)[ 0.00]  0.02( 0.11)[ 0.00]  0.02( 0.11)[ 0.00] -0.02( 0.15)[ 0.00]  0.01( 0.11)[ 0.00]  0.00( 0.14)[ 0.00]  0.02( 0.22)[ 0.00]  0.02( 0.21)[ 0.00] -0.01( 0.23)[ 0.00]  0.03( 0.22)[ 0.00] 
 0.02( 0.28)[ 0.00]  0.02( 0.30)[ 0.00]  0.00( 0.16)[ 0.00]  0.03( 0.24)[ 0.00]  0.01( 0.10)[ 0.00]  0.02( 0.21)[ 0.00]  0.01( 0.38)[ 0.00] -0.01( 0.20)[ 0.00] -0.03( 0.31)[ 0.00] -0.00( 0.13)[ 0.00] -0.01( 0.19)[ 0.00] 
 0.01( 0.28)[ 0.00] -0.00( 0.18)[ 0.00] -0.01( 0.16)[ 0.00]  0.01( 0.10)[ 0.00]  0.04( 0.22)[ 0.00]  0.01( 0.10)[ 0.00]  0.02( 0.18)[ 0.00]  0.02( 0.11)[ 0.00]  0.03( 0.18)[ 0.00]  0.02( 0.18)[ 0.00]  0.03( 0.33)[ 0.00] 
 0.02( 0.20)[ 0.00] -0.01( 0.17)[ 0.00] -0.02( 0.15)[ 0.00]  0.01( 0.12)[ 0.00]  0.01( 0.17)[ 0.00]  0.01( 0.12)[ 0.00]  0.02( 0.16)[ 0.00]  0.01( 0.23)[ 0.00]  0.01( 0.14)[ 0.00] -0.02( 0.32)[ 0.00]  0.01( 0.13)[ 0.00] 

Setup=4 p=110
step1 prediction
102.01(20.13)[100.16] 98.17(25.45)[95.37] 11.00(11.61)[ 9.00] 53.31(11.99)[56.00] 
step2 prediction
92.09(19.44)[89.50] 86.40(22.96)[84.03] 11.77(12.43)[10.00] 57.54(12.32)[61.00] 
step1 solution
 2.12( 6.20)[ 1.65]  0.26( 0.64)[ 0.30]  0.14( 0.65)[ 0.27]  0.13( 0.76)[ 0.28]  1.12( 1.02)[ 0.77]  1.07( 0.95)[ 0.74]  1.21( 1.11)[ 0.77]  1.12( 0.98)[ 0.77]  1.26( 1.18)[ 0.78]  1.09( 0.96)[ 0.73]  1.37( 1.24)[ 0.77] 
-0.76( 0.64)[-0.76] -0.25( 0.48)[-0.20] -0.27( 0.57)[-0.23] -0.25( 0.48)[-0.19] -0.66( 0.86)[-0.36] -0.59( 0.84)[-0.32] -0.68( 0.77)[-0.37] -0.67( 0.96)[-0.34] -0.71( 0.90)[-0.34] -0.64( 0.74)[-0.37] -0.68( 0.86)[-0.39] 
 0.53( 0.58)[ 0.33]  0.16( 0.35)[ 0.07]  0.19( 0.59)[ 0.09]  0.08( 0.54)[ 0.02]  0.55( 0.70)[ 0.30]  0.76( 0.99)[ 0.35]  0.55( 0.75)[ 0.29]  0.68( 0.96)[ 0.32]  0.67( 0.92)[ 0.33]  0.68( 0.91)[ 0.33]  0.68( 0.93)[ 0.41] 
-0.22( 0.40)[ 0.00] -0.08( 0.36)[ 0.00] -0.21( 0.64)[ 0.00] -0.16( 0.49)[ 0.00] -0.39( 0.80)[ 0.00] -0.47( 0.85)[-0.03] -0.24( 0.47)[-0.01] -0.38( 0.67)[-0.08] -0.40( 0.83)[ 0.00] -0.36( 0.73)[-0.06] -0.32( 0.66)[ 0.00] 
-0.00( 0.02)[ 0.00] -0.04( 0.41)[ 0.00] -0.03( 0.33)[ 0.00] -0.06( 0.33)[ 0.00]  0.05( 0.37)[ 0.00]  0.03( 0.36)[ 0.00]  0.04( 0.25)[ 0.00]  0.01( 0.23)[ 0.00]  0.05( 0.25)[ 0.00]  0.04( 0.34)[ 0.00] -0.00( 0.37)[ 0.00] 
 0.01( 0.04)[ 0.00] -0.04( 0.29)[ 0.00] -0.05( 0.41)[ 0.00]  0.04( 0.33)[ 0.00] -0.09( 0.44)[ 0.00]  0.05( 0.62)[ 0.00]  0.00( 0.44)[ 0.00] -0.07( 0.40)[ 0.00]  0.01( 0.38)[ 0.00] -0.06( 0.39)[ 0.00] -0.00( 0.34)[ 0.00] 
-0.00( 0.05)[ 0.00]  0.04( 0.41)[ 0.00]  0.04( 0.29)[ 0.00]  0.04( 0.20)[ 0.00] -0.04( 0.31)[ 0.00] -0.02( 0.33)[ 0.00] -0.03( 0.31)[ 0.00]  0.02( 0.28)[ 0.00] -0.01( 0.26)[ 0.00]  0.07( 0.41)[ 0.00]  0.10( 0.42)[ 0.00] 
 0.01( 0.07)[ 0.00]  0.06( 0.44)[ 0.00] -0.02( 0.41)[ 0.00] -0.06( 0.35)[ 0.00]  0.00( 0.40)[ 0.00]  0.04( 0.27)[ 0.00]  0.01( 0.34)[ 0.00] -0.01( 0.27)[ 0.00] -0.03( 0.45)[ 0.00] -0.01( 0.33)[ 0.00]  0.00( 0.41)[ 0.00] 
-0.01( 0.07)[ 0.00] -0.00( 0.35)[ 0.00] -0.02( 0.42)[ 0.00] -0.01( 0.37)[ 0.00] -0.01( 0.32)[ 0.00]  0.01( 0.36)[ 0.00]  0.08( 0.56)[ 0.00]  0.01( 0.43)[ 0.00]  0.02( 0.40)[ 0.00]  0.04( 0.43)[ 0.00]  0.06( 0.26)[ 0.00] 
 0.01( 0.09)[ 0.00] -0.03( 0.49)[ 0.00] -0.02( 0.31)[ 0.00]  0.04( 0.49)[ 0.00] -0.04( 0.41)[ 0.00] -0.03( 0.26)[ 0.00] -0.04( 0.50)[ 0.00]  0.02( 0.39)[ 0.00] -0.02( 0.53)[ 0.00] -0.03( 0.52)[ 0.00] -0.02( 0.24)[ 0.00] 
step2 solution
 3.80( 6.07)[ 3.21]  0.29( 1.12)[ 0.82]  0.17( 1.10)[ 0.77]  0.23( 1.12)[ 0.81]  0.98( 0.56)[ 1.00]  1.14( 0.64)[ 1.06]  1.08( 0.37)[ 1.04]  1.12( 0.51)[ 1.06]  1.13( 0.72)[ 1.04]  0.98( 0.60)[ 1.01]  1.18( 0.55)[ 1.09] 
-1.76( 1.19)[-1.98] -0.29( 0.64)[-0.53] -0.31( 0.74)[-0.57] -0.25( 0.72)[-0.53] -0.71( 0.77)[-0.66] -0.59( 0.69)[-0.63] -0.66( 0.61)[-0.64] -0.61( 0.73)[-0.64] -0.68( 0.65)[-0.66] -0.66( 0.51)[-0.65] -0.63( 0.62)[-0.64] 
 1.36( 1.10)[ 1.68]  0.28( 0.51)[ 0.45]  0.27( 0.54)[ 0.45]  0.20( 0.62)[ 0.44]  0.50( 0.61)[ 0.57]  0.68( 0.76)[ 0.61]  0.57( 0.58)[ 0.59]  0.60( 0.71)[ 0.61]  0.63( 0.70)[ 0.60]  0.70( 0.73)[ 0.61]  0.63( 0.73)[ 0.59] 
-0.62( 0.98)[ 0.00] -0.12( 0.51)[ 0.00] -0.20( 0.47)[ 0.00] -0.17( 0.48)[ 0.00] -0.35( 0.66)[ 0.00] -0.43( 0.68)[ 0.00] -0.30( 0.52)[ 0.00] -0.32( 0.67)[ 0.00] -0.31( 0.66)[ 0.00] -0.37( 0.57)[ 0.00] -0.27( 0.54)[ 0.00] 
-0.02( 0.13)[ 0.00] -0.02( 0.29)[ 0.00] -0.06( 0.33)[ 0.00] -0.07( 0.42)[ 0.00]  0.04( 0.16)[ 0.00] -0.02( 0.18)[ 0.00] -0.00( 0.07)[ 0.00] -0.01( 0.18)[ 0.00]  0.06( 0.25)[ 0.00]  0.03( 0.21)[ 0.00] -0.02( 0.30)[ 0.00] 
 0.01( 0.13)[ 0.00]  0.01( 0.23)[ 0.00] -0.03( 0.29)[ 0.00]  0.02( 0.23)[ 0.00] -0.08( 0.32)[ 0.00] -0.02( 0.24)[ 0.00] -0.03( 0.24)[ 0.00] -0.01( 0.19)[ 0.00]  0.01( 0.29)[ 0.00] -0.01( 0.10)[ 0.00]  0.01( 0.30)[ 0.00] 
 0.01( 0.28)[ 0.00]  0.01( 0.31)[ 0.00]  0.00( 0.32)[ 0.00]  0.02( 0.11)[ 0.00] -0.00( 0.24)[ 0.00]  0.00( 0.19)[ 0.00] -0.04( 0.20)[ 0.00]  0.05( 0.27)[ 0.00] -0.03( 0.15)[ 0.00]  0.05( 0.31)[ 0.00]  0.06( 0.30)[ 0.00] 
 0.00( 0.27)[ 0.00]  0.03( 0.25)[ 0.00] -0.01( 0.24)[ 0.00] -0.02( 0.37)[ 0.00]  0.03( 0.24)[ 0.00]  0.01( 0.14)[ 0.00]  0.02( 0.26)[ 0.00] -0.01( 0.35)[ 0.00] -0.01( 0.25)[ 0.00]  0.01( 0.14)[ 0.00] -0.04( 0.28)[ 0.00] 
-0.01( 0.31)[ 0.00] -0.02( 0.20)[ 0.00] -0.02( 0.25)[ 0.00] -0.00( 0.24)[ 0.00]  0.00( 0.19)[ 0.00]  0.03( 0.16)[ 0.00]  0.06( 0.41)[ 0.00] -0.00( 0.39)[ 0.00]  0.02( 0.25)[ 0.00]  0.02( 0.32)[ 0.00]  0.02( 0.13)[ 0.00] 
 0.01( 0.31)[ 0.00] -0.03( 0.21)[ 0.00]  0.00( 0.16)[ 0.00]  0.06( 0.40)[ 0.00]  0.00( 0.27)[ 0.00] -0.01( 0.12)[ 0.00] -0.03( 0.27)[ 0.00]  0.02( 0.34)[ 0.00]  0.02( 0.39)[ 0.00] -0.07( 0.34)[ 0.00] -0.02( 0.21)[ 0.00] 

Setup=5 p=110
step1 prediction
99.45(21.03)[96.43] 92.93(25.16)[90.84]  4.12( 5.00)[ 0.00] 55.49( 8.66)[58.00] 
step2 prediction
80.19(16.09)[77.27] 74.05(21.92)[69.19]  4.50( 5.41)[ 0.00] 60.29( 8.20)[63.00] 
step1 solution
 1.85( 0.74)[ 2.00]  0.73( 0.75)[ 0.68]  0.59( 0.66)[ 0.64]  0.73( 0.76)[ 0.67]  0.60( 0.65)[ 0.61]  0.61( 0.67)[ 0.64]  1.28( 1.14)[ 0.80]  1.16( 0.94)[ 0.79]  1.38( 1.15)[ 0.86]  1.21( 1.09)[ 0.83]  1.48( 1.24)[ 0.89] 
-1.89( 0.84)[-1.98] -0.54( 0.54)[-0.55] -0.68( 0.70)[-0.63] -0.57( 0.69)[-0.57] -0.63( 0.76)[-0.63] -0.68( 0.59)[-0.63] -1.35( 1.00)[-0.96] -1.37( 1.25)[-0.91] -1.32( 1.06)[-0.85] -1.27( 1.06)[-0.86] -1.30( 1.13)[-0.94] 
 0.67( 0.60)[ 0.67]  0.39( 0.55)[ 0.27]  0.48( 0.73)[ 0.31]  0.36( 0.69)[ 0.27]  0.30( 0.51)[ 0.23]  0.46( 0.70)[ 0.27]  0.63( 0.80)[ 0.34]  0.73( 0.96)[ 0.39]  0.69( 0.98)[ 0.34]  0.81( 0.98)[ 0.42]  0.72( 0.89)[ 0.36] 
-0.70( 0.65)[-0.61] -0.29( 0.58)[-0.16] -0.41( 0.66)[-0.23] -0.31( 0.53)[-0.20] -0.43( 0.66)[-0.28] -0.49( 0.72)[-0.30] -0.57( 0.73)[-0.36] -0.85( 1.05)[-0.41] -0.72( 1.05)[-0.33] -0.80( 0.95)[-0.42] -0.70( 0.97)[-0.33] 
 0.00( 0.01)[ 0.00] -0.07( 0.36)[ 0.00] -0.01( 0.28)[ 0.00] -0.00( 0.18)[ 0.00] -0.00( 0.35)[ 0.00]  0.02( 0.37)[ 0.00]  0.02( 0.18)[ 0.00] -0.02( 0.16)[ 0.00] -0.01( 0.21)[ 0.00]  0.04( 0.35)[ 0.00]  0.04( 0.39)[ 0.00] 
-0.00( 0.02)[ 0.00] -0.05( 0.53)[ 0.00] -0.01( 0.32)[ 0.00]  0.07( 0.34)[ 0.00] -0.08( 0.34)[ 0.00]  0.06( 0.71)[ 0.00] -0.01( 0.36)[ 0.00] -0.03( 0.34)[ 0.00] -0.04( 0.40)[ 0.00] -0.08( 0.36)[ 0.00] -0.02( 0.27)[ 0.00] 
 0.00( 0.03)[ 0.00]  0.07( 0.39)[ 0.00]  0.04( 0.30)[ 0.00]  0.06( 0.45)[ 0.00] -0.02( 0.30)[ 0.00] -0.00( 0.28)[ 0.00] -0.02( 0.25)[ 0.00] -0.00( 0.39)[ 0.00] -0.05( 0.41)[ 0.00]  0.04( 0.50)[ 0.00]  0.10( 0.39)[ 0.00] 
 0.00( 0.07)[ 0.00]  0.04( 0.39)[ 0.00] -0.02( 0.40)[ 0.00] -0.05( 0.25)[ 0.00]  0.03( 0.27)[ 0.00]  0.01( 0.24)[ 0.00] -0.00( 0.30)[ 0.00] -0.01( 0.26)[ 0.00]  0.02( 0.55)[ 0.00]  0.04( 0.30)[ 0.00]  0.01( 0.33)[ 0.00] 
-0.01( 0.03)[ 0.00]  0.03( 0.40)[ 0.00] -0.03( 0.20)[ 0.00]  0.04( 0.42)[ 0.00] -0.03( 0.42)[ 0.00]  0.03( 0.33)[ 0.00]  0.06( 0.54)[ 0.00]  0.05( 0.39)[ 0.00]  0.03( 0.31)[ 0.00]  0.02( 0.35)[ 0.00]  0.08( 0.39)[ 0.00] 
 0.01( 0.10)[ 0.00] -0.01( 0.44)[ 0.00] -0.04( 0.34)[ 0.00]  0.03( 0.39)[ 0.00] -0.06( 0.39)[ 0.00] -0.02( 0.26)[ 0.00] -0.04( 0.58)[ 0.00]  0.02( 0.43)[ 0.00]  0.01( 0.44)[ 0.00]  0.06( 0.63)[ 0.00] -0.05( 0.38)[ 0.00] 
step2 solution
 3.37( 0.75)[ 3.38]  0.88( 0.64)[ 1.04]  0.74( 0.85)[ 1.01]  0.83( 0.71)[ 1.02]  0.73( 0.79)[ 0.99]  0.82( 0.69)[ 1.01]  1.12( 0.60)[ 1.08]  1.09( 0.45)[ 1.09]  1.12( 0.55)[ 1.08]  1.09( 0.70)[ 1.08]  1.16( 0.39)[ 1.10] 
-3.31( 0.82)[-3.37] -0.82( 0.68)[-1.01] -0.84( 0.73)[-1.03] -0.73( 0.87)[-1.00] -0.75( 0.78)[-1.00] -0.96( 0.50)[-1.05] -1.08( 0.39)[-1.09] -1.18( 0.49)[-1.10] -1.13( 0.56)[-1.10] -1.07( 0.42)[-1.09] -1.15( 0.50)[-1.09] 
 1.59( 1.08)[ 2.00]  0.46( 0.47)[ 0.62]  0.45( 0.61)[ 0.62]  0.40( 0.57)[ 0.62]  0.39( 0.59)[ 0.62]  0.55( 0.58)[ 0.64]  0.64( 0.64)[ 0.68]  0.58( 0.60)[ 0.65]  0.73( 0.78)[ 0.68]  0.79( 0.71)[ 0.70]  0.66( 0.73)[ 0.65] 
-1.70( 1.10)[-1.85] -0.35( 0.65)[-0.55] -0.51( 0.63)[-0.58] -0.41( 0.59)[-0.56] -0.51( 0.53)[-0.58] -0.50( 0.49)[-0.57] -0.65( 0.61)[-0.64] -0.69( 0.72)[-0.64] -0.62( 0.70)[-0.58] -0.69( 0.50)[-0.66] -0.69( 0.65)[-0.64] 
 0.01( 0.10)[ 0.00] -0.01( 0.09)[ 0.00] -0.02( 0.19)[ 0.00] -0.01( 0.14)[ 0.00]  0.01( 0.17)[ 0.00] -0.01( 0.15)[ 0.00]  0.02( 0.08)[ 0.00] -0.01( 0.07)[ 0.00]  0.01( 0.05)[ 0.00]  0.02( 0.15)[ 0.00]  0.04( 0.27)[ 0.00] 
 0.01( 0.24)[ 0.00]  0.02( 0.21)[ 0.00] -0.05( 0.31)[ 0.00]  0.02( 0.20)[ 0.00] -0.07( 0.28)[ 0.00] -0.03( 0.15)[ 0.00] -0.02( 0.20)[ 0.00] -0.02( 0.16)[ 0.00]  0.02( 0.32)[ 0.00] -0.02( 0.12)[ 0.00]  0.00( 0.22)[ 0.00] 
 0.01( 0.28)[ 0.00]  0.03( 0.24)[ 0.00] -0.02( 0.28)[ 0.00] -0.00( 0.15)[ 0.00] -0.01( 0.15)[ 0.00]  0.00( 0.14)[ 0.00] -0.01( 0.15)[ 0.00]  0.06( 0.26)[ 0.00] -0.01( 0.29)[ 0.00]  0.01( 0.27)[ 0.00]  0.05( 0.30)[ 0.00] 
-0.00( 0.13)[ 0.00]  0.01( 0.13)[ 0.00] -0.01( 0.26)[ 0.00] -0.01( 0.07)[ 0.00] -0.01( 0.12)[ 0.00]  0.00( 0.11)[ 0.00]  0.02( 0.23)[ 0.00] -0.01( 0.18)[ 0.00] -0.00( 0.23)[ 0.00] -0.01( 0.12)[ 0.00] -0.01( 0.16)[ 0.00] 
-0.03( 0.16)[ 0.00]  0.02( 0.21)[ 0.00] -0.02( 0.13)[ 0.00] -0.00( 0.19)[ 0.00]  0.03( 0.26)[ 0.00] -0.01( 0.21)[ 0.00]  0.03( 0.32)[ 0.00]  0.01( 0.21)[ 0.00]  0.03( 0.23)[ 0.00]  0.02( 0.22)[ 0.00]  0.02( 0.22)[ 0.00] 
 0.01( 0.35)[ 0.00] -0.00( 0.26)[ 0.00] -0.03( 0.25)[ 0.00] -0.02( 0.24)[ 0.00]  0.02( 0.11)[ 0.00] -0.01( 0.25)[ 0.00]  0.00( 0.17)[ 0.00]  0.01( 0.18)[ 0.00]  0.03( 0.27)[ 0.00]  0.01( 0.20)[ 0.00]  0.01( 0.15)[ 0.00] 

