-3.13819821089505
2.17462099187080
-6.77913180694233
19.1601108335815
-7.48813291731944
-10.4819210237520
21.1916415700700
23.2292550592597
-26.5669062250459
-18.0316596245302
-34.622880081795
-10.3324333134111
5.12421218476694
17.802539913272
-14.8990268669846
15.6170193721095
19.4071262636419
36.033072981711
2.00482104379891
19.8252035916131
-4.97408805604757
7.20077708347267
-13.5243442286732
22.0770220665729
2.73627926842123
-12.6434320857484
-7.09921867058065
-7.6532031377002
-37.4079613129858
9.1690929843583
-6.62025583874656
30.7484003464716
-9.14848843481536
12.0175963536892
1.49419547836768
-34.2652642819364
-6.57229256232916
-0.128989127320038
-0.241293130754806
-8.32205427036466
4.67427358121002
22.1277027541305
-44.8892568035613
22.671792006944
-17.2219596254934
41.6187203286082
-1.69157667777066
30.3187631441486
5.2216678093875
-48.9019386959739
