0.517158063736214 0.680072965485946 -0.954756335020553 -0.18835151484118 0.478511105180897 -1.93446454650178 -0.407152342546682 -0.849152893243677 1.26813328431931 1.74668533361484 1.00881590999634 0.24418447162514 -0.937181921035077 -1.38011022753559 -0.561666344417805 0.345342318611798 0.278280825396235 -0.278600799477928 0.465796714252996 0.9906496204028
-0.165856110521619 1.66267477953187 -0.174426805680847 0.481543252964302 -0.717156736574588 0.519467458387263 0.890547021326126 0.170191834448968 0.770886624495766 0.557967596479828 0.767043869497551 -1.51733418141834 0.384543102689765 -1.00715221613273 -2.01453286503908 -0.725336612935789 -1.06597497702271 -1.35126765139938 0.263820986968765 0.043196575275024
-0.228486459780889 -1.84166567338984 0.60850343186083 0.464072891859338 -0.295681690706717 0.176450945819895 0.295972755635843 -1.38201768481977 0.456783123849808 1.20083027985996 0.656120314461389 -0.368665980975059 -1.36008249083136 0.244194185968067 0.382837221395755 -0.772348496285522 -1.11161245544284 1.0197197140446 -1.08671047943131 -0.964468837927964
-1.62994738019057 0.0896322507054082 0.848920219741367 0.531477059690802 -0.461171601948207 -2.38047665838987 1.47894226449896 -0.74890571069825 0.657883953282215 0.889478231006094 -0.375060066634335 1.32934522375117 0.356491144934974 -0.182523555887886 -0.369257124259311 -0.143659611995879 0.987058243012738 1.16877275367896 0.16249853687272 0.376288606293673
-0.849814157256288 1.05713792640086 -0.548404005904037 -0.187682489468748 1.58307841366276 -0.801576204923717 -0.93417151198171 0.446381397639472 -0.137462120503118 -0.216056124734943 0.076131276154601 -0.618072147587156 -0.290260242097684 0.829211384228721 0.469840968457059 -0.697927989299845 -0.130253956230336 -1.55701289787072 -0.443224845928664 -0.822176756005179
0.485181180837364 0.14562471981947 -0.187662773954469 -1.17633841590415 -1.73936851982608 1.06684315363348 1.09699303850838 0.595378048018938 1.28185927678736 -1.01476851202557 -0.341552092830545 0.991480804387028 -0.822246757681526 -0.305374438538548 0.178352213376287 -0.070800934129739 -1.12034451098396 0.199161458751273 0.227912096419253 0.794684793269172
-1.18418630532349 0.88812560743035 0.206612001620508 -0.609917272928912 0.078979712701454 -0.677701216274805 0.882764441719649 0.759844870294191 0.919253154651343 0.931165941939579 -0.077696526589578 1.51964164852438 0.122248701920428 -0.321627822632839 1.54646870830713 -0.920567134556435 1.21524335414397 -0.0457875104826162 -0.909471721737592 -0.0856369728259598
-0.0565991092971474 0.627060040205384 0.851925053120914 -0.829482341286826 0.157644748290223 -0.238806843863592 -0.620320934397978 -0.399640366406627 0.615161901549783 -0.213910621422853 0.744606724013512 1.62605907971832 -0.294750151429903 -0.70121233069011 1.3309684420911 -0.141222221401906 0.242331473566709 -0.762490903294768 -0.266630558326385 0.711147317273576
-1.60008396861481 -2.32896007544897 -1.84578840221701 -0.144654563075352 -1.20977702162565 0.401647909306508 -0.630243220122098 -0.846999956044808 1.74956821213086 0.363430681581504 0.332740567664861 0.28707499060377 -0.690359247268164 0.185430178561392 -2.86173876440337 -0.142279182839773 -1.1880853629526 -1.37545548698174 0.954735376805028 -0.636709820051405
0.47554557215668 2.07741151611874 0.555524307327222 -0.196542111418513 0.633172868224573 0.738191319194429 -0.477567633841931 0.163311488435558 1.43720382397968 2.2058828504251 1.04755488571259 2.02853398487422 -0.725869374082614 -2.09151670500915 -0.501345659445551 -0.0610640598154349 0.786094578426907 -1.66393546889796 -1.10401222535011 -0.315114641742898
1.08983318497099 -1.90500133814504 0.403907485198014 -0.808133392234367 0.842205782513432 0.334692561644231 -0.347336425237118 -0.219599450181849 0.79519716186315 0.404745045342611 0.975645266946384 -0.468529338513512 -2.32012694275783 0.689840606670617 0.389694257402226 -0.509341094734739 1.11437117009966 -0.259965835753476 2.72760366867027 -0.146836501486162
-1.40521145259681 -0.521475192227875 -0.887062255590742 -0.461948150832306 -0.18741290629248 -0.373112498138138 -0.319426386752006 -0.687832684442507 0.182830332125707 -0.500765672495682 1.96716682414515 0.0655949350996563 0.757522403236006 -0.457720458047184 0.117310110868425 -0.571065895975923 -0.392767640720348 -0.697624659138457 -0.544595090338203 1.40482763101841
2.80259702659967 0.39382915360772 -0.316227682944178 1.2439461048795 -0.756869181859724 -1.15736051347337 -0.398507781679957 0.304340202297266 0.911762985007155 0.514129367710572 0.325476062297857 -1.36918449212043 0.856723819864694 0.43959608433156 -0.488581672821042 -0.626843671884968 -1.20623291920629 -0.440434128716576 -0.477002363648003 0.809938436077843
-0.710824845208796 1.30438122251978 -1.4449147135456 -0.641427562441616 0.820604152703611 -0.37654661108668 -0.482944427537102 0.925532416172112 1.11601280315355 -2.30093105591053 -0.945623723565091 0.55567484289521 0.256719319266705 0.034292014491494 -1.27618089501115 -1.05237455925989 -0.857639464046577 -1.00450881976265 0.624434791324454 -1.66659775005267
0.891734843136215 -0.702239378379485 0.994458158685355 -0.0766522168976602 -1.6322388611488 0.852757866987316 -0.470133638711256 0.0267294665434041 1.49598307875938 0.867941509724145 -0.288530309835654 -0.0858920124715609 -0.233324157976322 -0.773783436680216 0.270008042202221 -0.774766596972559 -0.275001467460994 -1.07332796026183 -1.17360086007836 -0.934891870269867
0.700381233416279 -0.107641694398123 0.754847700756608 0.190743626090056 0.221572234517159 0.58226710924147 -0.969688793451534 0.27836395966854 -1.73991032424361 -0.820078801916677 -0.714076717731042 -1.98565400873924 -0.55548571264897 0.650986056796667 0.558224517501017 -1.52387719808873 -0.610663371999576 0.701040157278353 -0.650840651847675 0.0637187714560979
0.991556316455208 -0.145534913024142 0.445773735232401 1.17467867998594 -0.226964947088914 -0.226702717081499 -0.519907718808716 -0.264514361663417 -0.265504410297881 -0.27790228793487 0.0743624497284171 0.696496367288498 0.27470629106371 0.849873295087299 0.217886735398162 1.25618559674604 0.0374981416764379 0.559085762974568 1.14096493004601 -1.22810905640263
0.101706077988121 -0.500614729910457 0.368845471187613 -0.693981072799663 0.0231508013451738 0.549113425439756 -1.89394707767642 1.06707978394665 1.44351563664947 0.414484489446795 -0.498760387172836 -0.0220447270825034 0.149759369826772 0.164813574461576 -0.500269456279354 0.451379858921402 -1.87859268830115 -0.934301737257408 -0.276608629351986 2.07448563324487
0.520283134103021 0.655468670686352 0.681888388638983 0.595327851717331 0.764976917491181 -1.00897256062194 -0.810948454829372 -1.23019439485601 0.581474417186606 -0.00887702120848927 -0.636753185253067 0.0726200469270376 0.0826862910256981 0.217850312938947 -0.227724245880857 1.48350639801714 -0.920562024618792 0.620243838088381 -0.232297077915266 -0.152838601578368
-1.09851129558571 -1.76912900230859 0.37386136505302 -0.212049331003957 -1.14949640672589 0.471895277275614 1.16825061323035 2.21544827469771 0.888396615851691 1.52615515043266 -1.37642208666704 0.762916074361696 0.888015125277756 -2.01838609814492 0.0828494911708395 0.67740402557173 1.41267967240577 -0.68846192742779 0.466952702942045 1.1946090158661
0.335356492807154 0.0266030404270391 0.725131785818348 -1.29041912571466 -0.349505293774488 -1.55905480835785 0.872656794960755 -0.416559867723307 -0.532281645891192 -0.981187047572445 0.135106112857111 -1.59764378402507 -1.23801825696325 -0.378818103849118 -0.891756406709178 0.394479760103875 0.513250210897272 0.500285868113762 -0.712927472126673 -0.677338398231252
-2.28556534242648 1.18030948581776 0.334659534263954 -0.416826061761757 0.626026709194217 -0.202634631369852 -1.42897460630177 0.600812672555179 -0.82078535709785 -0.00267333196086604 0.253030458792175 0.0010396053418305 0.201140105370574 0.419545323800864 0.578150050082549 -1.08799289460925 -2.41323637384929 1.07855337012765 0.62348202451278 0.400901358796838
-1.4098293695385 -0.707626887014041 0.445789113973218 -0.453474268644073 -0.961085798831894 -0.251412799250401 -0.784396624055656 -0.0989312860372568 1.82934597786182 -0.345577017617588 0.980897508457659 0.814896456526256 -0.234766885207565 0.523519320940191 -1.2540136619103 -0.571273811929033 0.848608806925966 0.0440774119346245 2.22351734815689 -0.780085759292203
1.26584150586039 -0.450443019014889 1.54843866082545 0.637199919093525 -2.40306834161245 0.335418158092026 -0.102603015579492 0.960601411175516 -0.117292843058337 -0.297106412659609 -1.22136222031849 0.448460686336521 -1.48318471744401 0.00070076613342717 -0.198547006283079 0.892972682540399 0.0928865669368867 1.2044694521151 -1.76978493430372 1.11660208642445
-1.09077064099261 0.913882962464709 -1.67519893357651 -0.469884003879062 -1.18147300040652 1.43135313681441 0.0547425991895596 -0.240597158547244 -1.11514969620897 0.479446673661644 0.549225979606429 0.182334441458116 -0.812440633951209 -0.738498083955655 -0.584051572551251 -0.839236692308123 -1.38325733377207 -1.4610122471922 -0.389762057228036 0.107225516929702
-2.59420171479557 -1.01708025083008 1.72365699875074 1.47031238011763 0.868683617926541 -1.13924824195276 -0.731035490198867 -0.683315253941019 1.35594023582831 -0.275022957269811 0.862825511503593 0.393316556195021 0.811604020962754 -0.0624935783144606 1.08712138964696 0.480968136817035 -0.696913581189741 -2.13056580025092 0.00945041045947086 2.04774037837579
-1.13566426906812 -0.602800427409962 -0.205424962085527 -0.762647826659961 -0.41097530490095 -2.32025890411931 -1.01962457071642 -0.723945609463195 1.43444240990793 -0.094245604092841 0.522595009009967 -0.613602666676811 -0.642616402434711 0.278511566613701 -0.840395837430307 -0.288507330641488 -0.00216962361573845 -0.0685626470629381 -2.41137049920574 0.278013214230034
-0.692625572218597 -0.58059454610665 -0.650331579379563 0.189894197581294 1.07024579380854 -0.349866973401929 -3.116363551606 -1.03187001401153 -1.01409715436527 0.842931785138408 -0.0600021672715776 -0.15609919875541 -0.858759284784263 -0.619556561846735 1.07014927845549 1.75590183189944 -1.41997523992637 0.672528346942141 -0.678206130473483 -1.00014659894709
1.49184060424572 -0.17186871964262 -0.80012486356233 -0.421181478423125 -0.391860250727963 0.0551316839753543 -0.179532579630146 -1.28541736845862 -0.630701370709744 -0.2959458974623 0.648663994942151 -0.915064046803804 -2.08256236032164 -1.38785306659143 1.82190787321134 -0.696592476967588 1.40612820771111 -0.823753605345937 2.26487517100437 1.0005611286445
0.0233538570677466 0.164868647091091 0.0155697250418014 0.520903927295342 -2.05796480166687 1.55557862400413 2.58696019548837 0.305385451535463 -1.85481121673335 -0.525731998589566 -0.785550039406881 0.969976542216253 0.715323573027267 -0.686608483601405 0.498646280564349 -1.14599971125395 0.899515991197369 -0.906763669574273 -0.738043750405461 0.507646671694793
-1.44017870361516 -0.969369397116627 -0.481099577349836 0.519286736192852 -0.539812901221086 0.0177535618655912 -1.29455283770588 -1.15676697894581 -0.057592808300734 0.653002066421724 0.0508165656320883 -1.05581440023059 0.907595209872588 -2.50601828554212 1.51828314079406 -1.32452560843799 -0.0842809882227711 -0.590988870633963 -0.332666895727925 -0.50975211228421
0.298337619802896 0.861074279218685 1.42957416803206 0.064891383912955 0.809822169867696 -0.405870487486707 -0.0191001775301791 -0.798170936655745 -0.615149884174396 -0.239787427356508 -0.0835717549158464 -0.16645052922711 -1.47256639657394 -0.36949478077003 1.31229906213506 -0.0363460898277004 -1.36194661457106 0.333462019209713 -0.858773162364651 -0.75985624904186
2.0520734916206 0.799099504103438 0.248513828097528 1.78993977229566 -0.769511441640741 -0.231734239316414 0.649746093498103 -0.327262728462109 -0.447761813660149 -0.103130693132539 -2.79336940092928 -0.523273609775354 1.24220606873796 -0.323096470092482 -0.83669221488229 1.0859370292185 -2.48044412167475 -1.50636826160088 -0.85029213492969 0.110743384137925
-1.02655503205914 -1.01233405147274 -0.125601903565663 -0.749491583381515 0.0111908980829608 -0.0242651146338572 -0.523564755245424 -1.11156464156644 0.00184068843233597 -0.442898602024958 0.179453964829068 0.227233778950744 1.22007956626936 0.123303741207421 -0.733579775403165 -0.587695503759205 -0.0666077047464843 0.681498695120725 0.602419030250252 1.51962528168564
0.105763628466175 2.21520869733826 -0.491744675833042 0.481431803235842 -0.845746561392216 -1.30002347234988 -0.265156548164341 -0.424534118407578 2.07821749061546 -1.38852222780717 -0.948748548164286 0.365562296070765 1.50205235457926 1.08576799089366 -1.16272391069604 0.255444699904939 -0.727995028607267 -0.851352022789916 1.02503714792707 1.65750878136715
1.64904178877517 0.367490866908832 -0.700198591361744 -1.05701225674831 -1.65746732881903 -1.28846152234289 -0.139202254599468 -1.93454691815167 -0.438566853084601 -1.41603060720463 -0.235174046101762 1.35826663057417 0.481872043775118 -1.10988790040111 1.98340564896356 0.537906434129366 1.66006187127702 1.73824065320654 1.8746242376976 -0.732694183462285
-1.7980166333366 -0.942386668039185 -0.167346811748798 -0.928383617821229 0.908853389940653 0.693290533583058 -0.287124199104125 0.723362367263937 -0.334778233587347 0.41387458657409 -0.0916857877119911 -1.87870982244009 0.160807168665443 1.84811019032611 0.474124099499521 0.725480092461597 0.123995227845868 -1.19418002030696 0.930389606437182 -0.47936880055764
0.674982205730327 0.244299651758901 0.792333994091807 0.77381099031589 -0.923251212478396 1.07263094541697 1.20671605738582 0.623488224092161 0.161325105211058 0.872766342428066 -2.35069460680692 0.577480808188298 -0.451931454632034 0.00115170888784923 1.54116849730471 0.715151753925795 0.635250891815751 -0.796550075519031 -0.425171704273049 -0.0894893887844979
-0.318884473033952 -0.0122435818252426 0.299823168646835 -0.74564683314094 -0.0188483211136201 -1.10160667081881 -1.07091275624472 -1.31906427468506 0.12026874408501 -0.673039907553491 0.708919917873125 -1.08513654399092 -0.456243754673615 1.13991278893529 -0.216261127991731 0.8971918315987 0.00739815349988886 -1.13516058463778 1.09151248929939 1.19458671796827
-0.289041533035755 1.34056591288621 -0.565770938931906 -0.34484218451438 0.134992221433187 -0.714814213450838 0.936439978480201 -0.0816913134730379 -1.23011235248051 -1.41922906017533 -0.805589629807008 0.697082617501477 0.173782524716031 -0.189572763922626 -0.425207711946922 -0.517607696290427 -0.682833649132619 0.199420706868107 -0.729956890048845 -0.906879457916169
2.11858646040679 1.14726261144844 -0.0558743151618992 -0.690345148200625 -1.12329072150261 1.36788706772504 -0.212211414076867 1.93256952370798 0.276319561182264 0.0625303728524944 0.140472255524689 -0.795921746386295 0.31542073734324 0.483782279385303 1.13658824995456 -1.23255298271242 -2.26844226913424 -0.803912731826324 0.0832842561926387 -0.682191745402947
-1.34368564126511 0.415621834279262 0.43982953993925 1.41463378199161 0.743416309499299 -1.8982076192324 0.689299358521613 -0.349941692830625 0.403176293299195 0.268763959720759 0.135639831176139 0.296842105114948 1.2593675341703 1.54225056920436 0.581777136076198 -0.178840601607474 -0.764318793643784 1.1616580240146 -0.269384759081949 1.16188013264809
1.57932008909118 -0.233914400310702 -0.224335119805888 1.43609225156271 -0.0249065574880921 -0.872647866157678 -0.544742268671018 0.202602746993875 -1.21884718720115 -0.8389208080339 -1.27157329291714 0.392532414596045 -0.548793184224425 2.22045263661449 -0.109752561120932 0.0882900383877242 -0.631589109853763 1.39202592473658 -0.0607048267755835 0.455266867729886
-0.0880148990679623 -0.35265449763533 0.868336450213585 -0.513522841264865 0.232738426140687 -0.59960989278341 -1.04661005901408 -1.40557828091092 0.544760319308405 0.347388320659678 1.97481709359173 0.24697144016347 -1.07304716139391 -0.142854325093282 0.308655335380044 -1.12605511987192 -0.0371692330288493 0.20553300288402 -0.176938856997504 -1.16154548371654
-1.32544639131826 0.721766145669711 -0.257509815302716 0.348661495198005 2.65871450217135 0.770835059506518 -0.604996578193756 0.132732701026045 0.97042183464624 -0.236341372750788 -0.0146777668904136 -0.277585817089935 0.0275384074435331 -2.21466432284305 0.109621204395482 0.00379389646892455 -0.846898265002966 1.14590637054302 -0.0372925892888481 0.77288621060269
-0.0447273683828529 -1.31585948239434 1.59052343653246 -0.982653816948315 -1.01833250288313 -1.39631451776198 1.42411984198573 -0.922513452611483 1.29612798359879 1.0525381237882 -1.41404584580679 0.987474869560805 -0.568111890884961 -0.751570452194451 -2.1756644834659 -0.104050982272388 -0.702650584084909 1.47906362549417 0.0923383714300005 -1.00127297343377
-0.464845746251062 0.212194327120563 -1.16468525812105 -0.441011534546749 -0.877843399663311 -0.12856854834996 -1.02789401654208 0.192970648539391 -0.680109225883719 1.25800734843755 -0.788140235744279 1.58345780568242 0.518002181714175 -0.695265282657204 0.605089443610354 0.91307209329014 0.313209071530982 -0.506939555621449 -0.700198991321425 1.30562070393531
1.03436246949266 1.41977536903942 0.0933285845530929 -0.237728882736631 -1.54842217794183 -0.578350045858893 0.915847507838768 0.996097994100415 -0.114869731493464 -1.12867714316513 0.928509908381371 -0.488627500283974 0.368924485933589 1.04826047041406 -0.175715891990875 1.01117558058211 -0.0260926782651628 1.54082486474724 1.66433688017543 1.1158438260339
0.204192573748528 -0.32963162671234 0.651248540327486 0.255010427668974 0.46219723145793 1.49483918659092 0.0425444032373802 1.66046276230414 -0.436868312140991 1.29862714843047 -1.88389868197544 -0.258925886283295 1.00915366585384 0.885602462262138 -0.981009143596957 0.0626590684304643 -0.0330890270629009 0.294511536586558 -2.42750010641808 1.31890677556368
-0.150859819524031 -0.716298789937438 1.4507559671312 -0.564380969283441 0.879152040121847 -1.74199149412056 -1.04133100791683 -1.80189566808059 1.77982947323356 0.133317977813351 2.3453881542628 0.0656355186525224 0.224143852253134 -0.883956543768529 0.690416516875967 -0.191489885878144 -0.467939982030493 0.235682532825054 -0.220705347586936 2.08332623850905
