-2.01845166989893
-3.01606242133908
-0.372686300611204
8.61019866779567
-4.96964875832007
-0.475729117533938
5.3006805955843
-5.54914278973011
-0.5442192571163
-0.415779137759517
-3.47748286619369
5.94859332061255
-7.45462222537586
-3.37902609539144
-4.62127137417466
2.95726067970034
0.73442718369845
4.0187262011764
1.182716383721
-4.37039800565625
-5.5263397252748
0.554549080814411
1.22085605875048
-1.56543242935567
-0.167029997934161
0.473797324547746
3.12847041633781
-0.151393482133369
-1.72070828780673
1.76844848000881
-0.282535511611875
-1.85403303881655
5.14500562497407
5.76720664684744
4.67455922248687
-6.02660551509484
1.73015146128832
0.308543886514652
2.33574885007591
1.73631885647179
3.32656510376818
-2.33304678620794
2.00633660462972
15.5255598327254
0.116576229028018
-2.95639305627441
-3.77526037065762
5.84855545092514
-7.1098412883321
2.32613126907398
