21.00,29.75,42.40,0,8,2.44,0.77,0.59,0.77,0.34,0.54,0.77,1.76,1.07,1.41,1.28,-2.66,-0.84,0.84,1.13,-0.84,-0.92,-0.88,-0.84,0.84,-0.84,-1.51,0.00,0.00,0.00,0.14,-0.00,0.00,1.06,-0.14,0.00,0.00,-0.00,0.50,30.29,46.31,0,10,2.79,0.88,0.88,0.88,0.88,0.88,0.88,0.88,0.88,0.88,0.88,-3.03,-0.96,0.96,0.96,-0.96,-0.96,-0.96,-0.96,0.96,-0.96,-0.96,0.00,0.00,0.00,0.00,0.00,0.00,0.50,-0.00,0.00,0.00,0.00
16.50,39.39,36.33,0,11,2.71,0.23,0.86,0.86,0.86,0.86,1.78,0.86,0.86,2.25,0.96,-0.37,-0.12,-0.12,-0.12,-0.12,-0.12,-2.89,-0.97,-0.12,-0.12,-0.83,0.00,0.00,0.00,-0.00,-0.00,0.00,-0.00,0.00,0.00,-0.00,0.00,2.00,35.62,27.66,0,11,3.66,0.51,1.16,1.16,1.16,1.16,1.16,1.16,1.16,1.16,1.16,-1.41,-0.45,-0.45,-0.45,-0.34,-0.45,-1.69,-0.45,-0.45,-0.45,-0.45,0.00,0.00,0.00,0.00,0.00,0.00,0.00,0.00,0.00,0.00,0.00
33.00,39.66,30.45,0,4,3.23,-1.50,-0.45,0.36,0.70,-0.65,1.02,1.02,1.95,2.96,2.50,-1.18,-0.37,1.80,0.28,0.37,-0.64,-1.50,-0.92,-3.79,-1.35,-1.95,-0.00,0.39,-1.69,-0.63,-0.42,-0.00,0.90,0.80,-0.00,-0.06,0.00,12.50,37.81,27.78,0,4,4.42,-1.64,-1.09,0.84,0.90,-1.22,1.40,1.31,1.73,2.52,1.84,-3.23,-0.40,1.76,0.40,1.02,-1.02,-1.02,-1.02,-2.72,-1.02,-1.33,0.00,0.72,-1.48,-0.79,-0.05,0.00,0.91,0.55,0.00,-0.24,0.00
17.50,37.93,28.15,6,10,2.26,-0.06,0.72,0.72,0.72,0.72,1.33,0.72,1.97,1.18,0.72,-0.00,-0.00,-1.12,-0.00,0.00,-0.00,-0.00,-1.94,-2.21,-1.40,-0.57,-0.00,-0.00,0.00,-0.00,-0.00,-0.00,0.78,0.00,-0.00,0.00,0.00,10.00,38.07,25.65,6,10,3.42,-1.08,0.70,1.08,1.08,1.08,1.08,1.08,1.48,1.08,1.08,0.00,0.00,-1.12,0.00,0.00,0.00,0.00,-2.50,-2.57,-0.98,-0.92,0.00,0.00,0.00,0.00,0.00,0.00,1.14,0.00,0.00,0.00,0.00
18.00,29.63,35.50,0,9,3.43,1.08,1.08,1.08,0.62,1.08,1.24,1.08,1.08,1.84,1.54,-0.80,-0.25,-0.25,-0.81,-0.25,-0.25,-0.25,-0.20,-1.30,-0.90,-1.19,0.00,-0.00,0.00,0.00,0.00,0.00,-0.00,0.00,0.00,0.08,-0.00,0.50,29.87,34.88,0,10,3.83,1.21,1.21,1.21,0.95,1.21,1.21,1.21,1.21,1.21,1.21,-1.71,-0.54,-0.54,-0.54,-0.54,-0.54,-0.54,-0.54,-0.57,-0.54,-0.54,0.00,-0.20,0.00,0.00,0.00,0.00,0.00,0.00,0.00,0.00,0.00
15.00,28.48,27.65,0,10,2.83,0.89,0.89,0.89,-0.57,0.89,0.89,1.07,2.70,0.89,0.89,-1.17,-0.37,-0.37,-0.37,-0.37,-0.73,-0.37,-0.37,-0.18,-0.37,-0.37,-0.00,-0.00,-0.00,0.00,-0.00,-0.00,-0.00,-0.00,-0.00,-0.00,-0.02,0.00,24.15,28.97,0,11,3.83,1.21,1.21,1.21,-1.21,1.21,1.21,1.21,1.21,1.21,1.21,-1.61,-0.51,-0.51,-0.51,-0.51,-0.51,-0.51,-0.51,-0.51,-0.51,-0.51,0.00,0.00,0.00,0.00,0.00,0.00,0.00,0.00,0.00,0.00,0.00
22.50,32.71,26.58,0,8,3.36,1.43,1.23,1.06,-0.83,-1.06,2.43,1.06,1.09,1.64,1.18,-0.57,0.18,-1.68,-1.09,-0.13,-0.18,-0.18,-0.91,-1.47,-0.18,-0.39,0.00,0.75,-0.00,-0.00,0.00,-0.00,-1.27,0.78,-0.00,0.00,0.00,5.00,33.01,25.99,0,8,4.28,1.35,1.35,1.35,-1.35,-1.35,1.98,1.35,1.35,1.35,1.35,-2.01,0.74,-0.67,-0.64,-0.49,-0.64,-0.12,-0.64,-1.20,-0.64,-0.64,0.00,1.09,0.00,0.00,0.00,0.00,-1.38,0.54,0.00,0.00,0.00
18.50,38.88,44.44,0,10,2.59,0.82,0.39,0.82,0.82,0.82,3.53,2.15,0.82,0.95,0.82,-0.80,-0.25,-1.56,-0.25,-0.25,-0.25,-1.82,-0.07,-0.39,-0.78,-0.25,-0.00,0.00,0.00,-0.00,-0.06,0.00,0.00,-0.00,-0.00,0.00,0.00,5.50,38.63,44.07,0,10,3.23,1.02,0.48,1.02,1.02,1.02,2.83,1.67,1.02,1.02,1.02,-1.73,-0.55,-0.81,-0.55,-0.55,-0.55,-1.44,0.37,-0.55,-0.55,-0.55,0.00,0.00,0.00,0.00,-0.43,0.00,0.00,0.00,0.00,0.00,0.00
23.00,39.28,29.20,0,0,2.59,0.82,0.38,1.22,0.82,-0.73,0.82,1.28,0.82,2.24,2.13,-2.03,-0.64,0.38,-0.13,-0.64,0.64,-0.64,-2.00,-0.64,-0.64,-1.03,-0.58,-0.18,-0.49,-0.18,0.18,-0.77,0.16,-0.18,0.37,-0.32,0.18,17.50,46.89,33.54,0,0,4.47,0.08,0.01,1.41,0.76,-1.23,0.37,1.41,0.65,1.69,2.37,-3.37,-0.74,1.06,0.40,-0.71,1.70,-1.07,-2.02,-0.47,-0.85,-1.07,-3.20,0.40,-0.75,-0.26,0.99,-0.93,-0.04,0.36,1.81,-0.44,1.01
15.50,43.46,32.92,0,8,2.54,0.80,0.80,0.80,0.80,0.80,0.80,0.80,1.21,0.80,0.80,-0.60,-1.93,-0.19,-0.19,-0.19,-0.19,-0.58,-0.19,-0.80,-1.77,-0.19,0.00,0.05,0.00,0.00,0.00,0.00,0.73,0.00,0.06,0.00,0.00,0.00,35.01,26.61,0,11,2.95,0.93,0.93,0.93,0.93,0.93,0.93,0.93,0.93,0.93,0.93,-1.91,-0.61,-0.61,-0.61,-0.61,-0.61,-0.61,-0.61,-0.61,-0.61,-0.61,0.00,0.00,0.00,0.00,0.00,0.00,0.00,0.00,0.00,0.00,0.00
15.50,38.00,29.40,0,9,2.02,1.07,0.64,0.64,0.64,0.64,1.07,0.59,0.64,1.82,0.64,-1.35,-0.44,-0.43,-0.43,-0.43,0.25,-0.43,-0.43,-2.91,-0.43,-0.43,-0.00,-0.00,-0.00,0.04,-0.00,0.00,-0.00,-0.25,-0.00,-0.00,0.00,0.00,27.67,27.77,0,11,2.86,0.90,0.90,0.90,0.90,0.90,0.90,0.90,0.90,0.90,0.90,-2.56,-0.81,-0.81,-0.81,-0.81,0.81,-0.81,-0.81,-0.81,-0.81,-0.81,0.00,0.00,0.00,0.00,0.00,0.00,0.00,0.00,0.00,0.00,0.00
12.50,43.74,26.33,0,11,1.69,0.53,0.53,0.53,0.53,0.57,0.53,1.25,0.53,1.10,0.53,-0.90,-0.29,-0.29,-0.29,-0.29,-2.04,-0.29,-0.29,-0.45,-1.36,-0.29,0.00,0.00,0.00,-0.00,0.00,-0.00,0.00,-0.00,0.00,0.00,-0.00,0.00,35.89,38.00,0,11,2.69,0.85,0.85,0.85,0.85,0.85,0.85,0.85,0.85,0.85,0.85,-2.32,-0.73,-0.73,-0.73,-0.73,-0.73,-0.73,-0.73,-0.73,-0.73,-0.73,0.00,0.00,0.00,0.00,0.00,0.00,0.00,0.00,0.00,0.00,0.00
13.50,32.17,32.52,0,11,1.96,0.62,0.82,0.62,0.62,0.62,0.81,1.39,0.62,1.36,1.06,-1.38,-0.44,-1.01,-0.44,-0.44,-0.44,-0.44,-0.44,-0.44,-0.44,-0.44,0.00,0.00,0.00,0.00,0.00,-0.00,0.00,-0.00,0.00,-0.00,-0.00,2.50,26.69,30.80,0,11,3.18,0.11,1.01,1.01,0.66,1.01,1.01,1.17,0.81,1.18,1.01,-1.81,-0.41,-1.09,-0.57,-0.57,-0.53,-0.57,-0.57,-0.57,-0.57,-0.57,0.00,0.00,0.00,0.00,0.00,0.00,0.00,0.00,0.00,0.00,0.00
16.00,41.03,43.71,0,9,2.49,1.68,0.79,0.79,0.79,0.79,0.40,0.79,0.79,0.79,0.98,-0.64,-0.13,-0.20,-0.20,-0.20,-1.52,-2.25,-0.20,-0.32,-1.18,-0.20,0.00,-0.00,-0.00,-0.00,0.47,0.00,0.09,-0.00,-0.00,0.00,0.00,0.50,31.34,34.25,0,10,3.01,0.95,0.95,0.95,0.95,0.95,0.95,0.95,0.95,0.95,0.95,-1.82,-0.57,-0.57,-0.57,-0.57,-0.57,-0.67,-0.57,-0.57,-0.57,-0.57,0.00,0.00,0.00,0.00,0.40,0.00,0.00,0.00,0.00,0.00,0.00
17.50,32.68,34.18,0,9,1.76,0.56,0.56,0.56,0.56,0.56,2.79,0.56,0.56,0.56,3.18,-1.42,-0.45,-0.45,-0.45,0.45,0.25,-0.66,-0.75,-0.93,-0.89,-0.79,-0.00,0.00,-0.00,-0.00,0.55,0.00,0.00,-0.27,-0.00,0.00,0.00,0.50,30.59,24.29,0,10,2.91,0.92,0.92,0.92,0.92,0.92,0.92,0.92,0.92,0.92,1.41,-2.34,-0.74,-0.74,-0.74,0.74,0.74,-0.74,-0.74,-0.74,-0.74,-0.74,0.00,0.00,0.00,0.00,0.01,0.00,0.00,-0.00,0.00,0.00,0.00
17.50,34.20,35.10,0,11,1.95,-0.42,0.62,0.62,0.62,0.62,0.62,1.45,0.62,2.04,3.02,-0.68,-0.22,-0.22,-2.34,-0.22,-0.22,-0.22,-1.22,-0.87,-0.22,-0.97,0.00,0.00,0.00,0.00,0.00,-0.00,0.00,0.00,0.00,-0.00,-0.00,4.00,30.21,36.65,0,11,3.34,-1.15,1.06,0.28,1.06,1.06,1.06,1.06,1.06,1.31,2.35,-2.04,-0.48,-0.14,-1.30,-0.42,-0.64,-0.64,-0.64,-0.64,-0.64,-0.68,0.00,0.00,0.00,0.00,0.00,0.00,0.00,0.00,0.00,0.00,0.00
26.00,35.59,26.34,0,6,3.24,-0.75,-0.56,0.27,1.03,1.11,1.03,1.81,1.04,1.58,3.01,-0.35,-0.11,-0.08,-2.10,0.11,0.11,-1.94,-0.86,-1.33,-1.69,-1.42,0.00,0.00,-0.00,0.00,0.00,-0.42,-0.00,-0.72,0.97,0.30,0.12,9.00,39.98,25.31,0,6,4.01,-1.27,-1.27,0.67,1.27,1.27,1.27,1.76,1.05,1.27,2.50,-3.23,-0.94,0.05,-1.03,1.02,1.02,-1.58,-1.02,-1.02,-1.72,-1.02,0.00,0.00,0.00,0.00,0.00,-0.88,0.00,-1.00,0.60,1.00,0.56
17.50,37.90,48.68,0,11,2.18,0.69,0.69,0.69,0.69,0.69,0.69,0.69,2.54,0.69,2.32,-0.81,-0.26,-0.26,-0.26,-0.26,-0.26,-0.26,-0.26,-0.94,-2.73,-1.66,-0.00,-0.00,-0.00,-0.00,0.00,0.00,0.00,-0.00,0.00,0.00,0.00,1.00,35.21,35.40,0,11,3.37,1.07,1.07,1.07,1.07,1.07,1.07,1.07,1.71,1.07,1.07,-2.34,-0.39,-0.74,-0.74,-0.74,-0.74,-0.74,-0.74,-0.74,-0.74,-0.74,0.00,0.00,0.00,0.00,0.00,0.00,0.00,0.00,0.00,0.00,0.00
25.00,26.22,32.19,0,6,3.05,0.96,-0.42,0.02,0.45,0.47,1.74,1.48,1.94,0.96,2.71,-0.55,0.18,-2.12,-1.73,-0.54,-0.78,-0.18,-0.18,-1.22,-1.38,0.05,-0.00,0.00,-0.30,-0.59,0.83,-0.00,0.00,-0.00,-0.69,0.00,0.45,3.00,28.63,30.03,0,8,4.36,1.38,-1.38,0.96,0.67,0.44,1.38,1.38,1.47,1.07,1.38,-2.61,0.82,-0.95,-0.82,-0.82,-0.82,-0.82,-0.82,-0.82,-0.82,0.82,0.00,0.00,-0.00,-0.00,0.21,0.00,0.00,0.00,-0.13,0.00,0.07
27.00,38.03,38.55,0,0,1.90,-0.10,0.38,-0.94,-0.13,-0.60,1.47,3.07,2.08,3.05,1.89,-0.73,-1.90,0.23,0.23,0.23,0.23,-1.05,-2.55,-0.23,-1.69,-0.32,-0.17,0.06,0.06,0.06,1.17,-1.58,-0.09,-0.06,-0.26,0.06,0.06,4.50,40.13,31.22,0,0,5.60,-1.77,1.77,-1.77,-1.31,-1.77,1.77,2.38,1.77,2.64,1.77,-3.33,-1.05,1.05,0.83,0.47,1.05,-1.05,-1.54,-1.05,-1.05,-1.05,-2.36,0.75,0.75,0.75,1.56,-0.91,-0.75,-0.75,-0.45,0.75,0.75
18.50,36.33,29.27,0,10,1.44,0.46,1.09,0.46,0.46,0.22,0.46,2.40,2.09,2.33,0.69,-1.74,-0.55,-0.61,-0.55,-0.90,-0.55,-0.55,-1.62,-0.55,-0.62,-0.96,-0.00,-0.00,0.00,0.00,-0.00,0.00,0.00,-0.00,0.00,0.00,0.16,8.50,32.84,27.58,0,10,2.50,0.79,1.10,0.79,0.61,-0.24,0.79,2.16,1.51,2.42,0.79,-2.45,-0.78,-0.78,-0.78,-0.78,-0.64,0.44,-1.44,-0.62,-0.78,-1.05,0.00,0.00,0.00,0.00,0.00,0.00,0.00,0.00,0.00,0.00,0.80
27.00,34.94,41.64,0,5,3.03,0.89,0.96,1.89,-0.96,-0.03,1.92,1.46,1.84,1.21,0.84,-2.60,0.08,1.16,-0.84,-0.39,-0.53,-1.27,-0.37,-1.28,-0.82,-1.76,-0.00,-0.97,0.83,-0.00,0.00,0.00,0.79,0.32,0.50,-0.04,-0.00,0.00,37.58,38.01,0,11,4.50,1.42,1.42,1.42,-1.42,-1.42,1.42,1.42,1.42,1.42,1.42,-3.24,1.02,1.02,-1.02,-1.02,-1.02,-1.02,-1.02,-1.02,-1.02,-1.02,0.00,0.00,0.00,0.00,0.00,0.00,0.00,0.00,0.00,0.00,0.00
18.00,38.12,39.06,0,9,2.35,-0.21,-0.70,0.74,0.74,0.74,2.02,0.74,0.74,0.74,3.33,-0.72,-0.23,-0.23,-0.23,0.23,0.23,-0.23,-0.23,-2.33,-1.48,-0.23,-0.00,-0.00,-0.76,-0.00,-0.00,0.00,-0.00,-0.00,-0.29,0.00,0.00,8.50,37.40,40.29,0,9,3.53,-1.12,-1.12,1.12,1.12,0.75,1.99,1.12,1.12,1.12,2.57,-2.71,-0.22,-0.86,-0.07,0.89,0.86,-0.79,-0.15,-1.84,-0.86,0.04,0.00,0.00,-0.93,0.00,0.00,0.00,0.00,0.00,-0.78,0.00,0.00
19.50,28.21,17.25,0,9,2.36,-0.30,0.75,0.75,0.75,0.64,0.75,2.63,1.74,0.75,1.87,-0.89,-1.36,-0.28,-0.15,0.08,-0.28,-0.28,-1.16,-0.28,-2.08,-1.20,0.00,0.00,0.00,-0.00,-0.00,-0.00,-0.00,0.45,0.10,0.00,0.00,7.00,28.78,22.62,0,9,3.39,-1.07,0.76,1.07,0.92,0.15,1.07,3.59,1.49,1.07,1.07,-2.66,-1.30,-0.58,-0.11,0.84,-0.84,-0.84,-0.95,-0.84,-0.84,-0.84,0.00,0.00,0.00,0.00,0.00,0.00,0.00,0.42,0.70,0.00,0.00
19.50,43.21,50.09,0,8,1.47,0.47,0.47,0.47,0.09,0.83,2.29,1.43,0.47,1.90,1.25,-0.91,-0.34,-2.32,-0.29,0.29,-0.03,-0.88,-0.29,-1.34,0.15,-0.32,0.00,0.00,-0.00,-0.00,-0.58,0.00,0.60,1.66,0.00,-0.00,0.00,0.00,35.80,44.02,0,11,2.80,0.89,0.89,0.89,0.89,0.89,0.89,0.89,0.89,0.89,0.89,-2.47,-0.78,-0.78,-0.78,0.78,-0.78,-0.78,-0.78,-0.78,0.78,-0.78,0.00,0.00,0.00,0.00,0.00,0.00,0.00,0.00,0.00,0.00,0.00
17.00,43.53,35.53,0,11,1.51,2.73,0.48,0.48,0.48,0.48,0.48,1.35,2.17,0.48,2.71,-0.96,-0.30,-0.30,-0.30,-1.53,-0.30,-0.30,-0.30,-1.21,-0.30,-0.30,0.00,-0.00,0.00,0.00,-0.00,0.00,0.00,-0.00,0.00,-0.00,0.00,12.50,39.43,30.69,0,11,2.73,2.62,0.44,0.02,-0.15,0.19,0.65,1.62,2.47,0.86,2.76,-1.53,-0.48,-0.48,-0.48,-1.72,-0.48,0.17,0.02,-1.40,-0.48,-0.48,0.00,0.00,0.00,0.00,0.00,0.00,0.00,0.00,0.00,0.00,0.00
18.50,27.65,38.94,0,9,3.57,1.13,1.13,1.13,1.13,1.13,1.13,1.13,1.13,1.13,1.13,-0.80,0.00,-0.25,-0.25,-0.25,-0.25,-1.41,-1.90,-1.17,-0.25,-0.67,-0.00,0.00,-0.55,-0.00,-0.01,-0.00,0.00,-0.00,0.00,-0.00,-0.00,0.00,28.91,35.45,0,11,3.94,1.25,1.25,1.25,1.25,1.25,1.25,1.25,1.25,1.25,1.25,-2.38,0.75,-0.75,-0.75,-0.75,-0.75,-0.75,-0.75,-0.75,-0.75,-0.75,0.00,0.00,0.00,0.00,0.00,0.00,0.00,0.00,0.00,0.00,0.00
19.00,30.33,23.60,0,9,3.03,-0.55,0.96,0.96,0.96,0.96,1.34,1.01,0.96,0.96,2.84,-1.62,-0.51,-0.79,-0.51,-0.51,-0.25,-1.58,-0.51,-0.59,-0.48,-0.51,0.00,0.00,-0.00,-0.45,0.12,0.00,-0.00,0.00,0.00,-0.00,-0.00,2.50,29.80,22.81,0,9,3.80,-1.20,1.20,1.20,1.20,1.20,1.20,1.20,1.20,1.20,2.25,-2.17,-0.69,-0.69,-0.41,-0.69,-0.45,-1.03,-0.69,-0.70,-0.69,-0.69,0.00,0.00,0.00,-0.46,0.11,0.00,0.00,0.00,0.00,0.00,0.00
19.00,39.32,26.24,0,8,2.57,1.29,-0.37,2.12,0.42,0.81,1.02,0.81,0.81,0.72,1.56,-0.15,-0.05,0.05,-1.31,-0.08,0.12,-0.05,-1.32,-2.63,-0.87,-0.54,-0.00,0.00,-0.00,0.00,-0.00,-0.00,-0.00,0.02,-0.48,0.00,-0.61,4.00,34.69,20.12,0,9,3.79,1.20,-1.20,1.47,0.37,1.20,1.20,1.20,0.73,1.20,1.20,-2.31,-0.36,0.73,-0.73,-0.73,0.73,-0.54,-0.97,-1.61,-0.73,-0.73,0.00,0.00,0.00,0.00,0.00,0.00,0.00,0.00,-0.16,0.00,-0.59
24.00,33.87,32.64,0,10,3.16,1.00,-0.48,1.00,0.21,-0.10,1.00,1.83,3.49,2.40,1.39,-0.91,-0.29,-0.29,-0.13,0.29,0.29,-2.63,-1.18,-1.46,-0.42,-1.48,-0.00,-0.00,-0.00,-0.00,0.00,0.27,0.00,0.00,0.00,-0.00,0.00,5.50,37.69,38.44,0,10,5.28,1.67,-1.67,1.67,0.28,-1.67,1.67,1.67,2.89,1.67,1.67,-3.55,-0.57,-0.52,-0.05,1.12,1.12,-1.12,-1.12,-1.19,-1.12,-1.12,0.00,0.00,0.00,0.00,0.00,0.60,0.00,0.00,0.00,0.00,0.00
16.50,38.73,39.45,0,11,1.21,0.38,0.38,0.38,0.38,0.38,3.19,1.13,3.43,1.25,0.38,-1.43,-0.45,-0.45,-0.45,-0.45,-1.03,-0.56,-0.45,-0.45,-0.45,-0.45,-0.00,-0.00,0.00,-0.00,-0.00,-0.00,-0.00,0.00,-0.00,-0.00,-0.00,12.50,32.81,38.46,0,11,3.47,-1.74,1.10,0.77,-0.72,0.35,3.24,2.80,3.23,1.10,1.10,-2.08,-0.66,-0.66,-0.66,-0.66,-0.66,-1.45,-0.66,-0.66,-0.66,-0.66,0.00,0.00,0.00,0.00,0.00,0.00,0.00,0.00,0.00,0.00,0.00
18.50,42.15,42.69,0,9,1.25,0.39,2.61,0.39,0.39,-0.04,0.39,1.90,1.52,1.55,0.78,-0.52,-2.63,-0.16,-2.03,0.17,-0.16,-0.91,-0.16,-0.16,-0.16,-0.65,0.00,0.00,-0.00,0.28,-0.00,0.00,0.00,0.00,-0.00,0.00,0.66,1.00,34.64,34.26,0,9,3.14,0.65,0.99,0.99,0.99,-0.99,0.99,0.99,0.99,1.12,0.99,-2.44,-0.77,-0.77,-0.77,0.77,-0.77,-0.77,-0.77,-0.77,-0.77,-0.77,0.00,0.00,0.00,0.52,0.00,0.00,0.00,0.00,0.00,0.00,0.01
18.00,42.33,30.01,0,10,1.74,2.13,-0.55,0.55,0.55,0.55,1.64,0.55,0.55,1.42,1.19,-0.73,-0.23,0.23,-0.23,-0.88,-1.78,-0.95,-1.75,-1.66,-0.23,-0.23,-0.00,-0.00,-0.00,0.00,0.00,0.00,-0.00,0.15,0.00,0.00,-0.00,0.00,38.85,25.50,0,11,3.09,0.98,-0.98,0.98,0.98,0.98,0.98,0.98,0.98,0.98,0.98,-2.38,-0.75,0.75,-0.75,-0.75,-0.75,-0.75,-0.75,-0.75,-0.75,-0.75,0.00,0.00,0.00,0.00,0.00,0.00,0.00,0.00,0.00,0.00,0.00
20.50,35.47,28.89,0,7,2.32,-0.32,-0.12,1.54,0.21,0.53,2.56,0.73,1.02,0.73,4.10,-0.61,-1.68,-0.19,-0.19,-0.19,0.19,-0.19,-0.19,-0.19,-0.50,-2.35,0.00,-0.46,-0.00,0.16,0.05,0.00,-0.35,-0.00,0.00,0.00,0.00,7.00,27.01,25.59,0,9,4.11,-1.16,-0.97,1.30,0.20,0.58,1.60,1.30,1.30,1.08,3.61,-1.71,-0.54,-0.54,-0.54,-0.39,0.62,-0.54,-0.54,-0.54,-0.54,-1.68,0.00,-0.11,0.00,0.00,0.00,0.00,-0.40,0.00,0.00,0.00,0.00
29.00,40.75,37.04,4,7,3.55,0.74,-0.17,0.36,-0.33,-1.12,1.12,2.40,3.46,1.70,2.34,-0.00,-0.89,-0.14,-0.00,-0.00,0.44,-2.86,-2.45,-0.00,-0.69,-1.97,-0.00,-0.00,-1.21,-0.00,-0.00,-0.59,-0.00,0.80,-0.33,0.00,-0.00,15.50,42.02,36.92,5,7,5.68,1.39,-1.10,0.64,-1.58,-1.80,1.80,1.97,2.82,1.80,1.80,0.00,-0.94,-0.00,0.00,0.00,0.32,-2.84,-1.92,0.00,-0.60,-2.44,0.00,0.00,-1.08,0.00,0.00,-0.52,0.00,0.71,-0.46,0.00,0.00
19.00,43.47,24.75,0,11,3.51,-1.11,1.11,-1.11,1.11,1.11,1.11,1.22,1.35,2.49,1.59,-1.04,-0.33,-0.33,-0.90,-0.58,-0.33,-0.75,-0.33,-1.49,-0.33,-0.33,-0.00,0.00,-0.00,-0.00,-0.00,0.00,-0.00,0.00,-0.00,-0.00,0.00,0.00,43.43,19.43,0,11,4.54,-1.43,1.43,-1.43,1.43,1.43,1.43,1.43,1.43,1.43,1.43,-1.74,-0.55,-0.55,-0.55,-0.55,-0.55,-0.55,-0.55,-0.55,-0.55,-0.55,0.00,0.00,0.00,0.00,0.00,0.00,0.00,0.00,0.00,0.00,0.00
16.00,27.62,23.61,0,11,2.67,1.53,0.84,0.62,0.84,0.84,1.57,1.21,0.84,0.84,0.87,-1.42,-0.45,-0.45,-0.45,-0.74,-0.45,-0.45,-0.45,-0.45,-1.40,-0.45,-0.00,0.00,0.00,-0.00,-0.00,-0.00,0.00,-0.00,-0.00,-0.00,-0.00,1.00,27.59,29.81,0,11,3.64,1.35,1.15,0.35,1.15,1.15,1.15,1.15,1.15,1.15,1.15,-2.14,-0.68,-0.68,-0.68,-0.68,-0.68,-0.68,-0.68,-0.68,-0.68,-0.68,0.00,0.00,0.00,0.00,0.00,0.00,0.00,0.00,0.00,0.00,0.00
16.50,32.24,36.70,0,10,2.38,0.75,0.75,0.75,0.75,0.75,1.64,2.66,0.75,0.75,0.96,-0.25,-0.08,-0.08,-0.08,0.08,-0.19,-2.05,-1.85,-1.15,-0.08,0.08,0.00,0.00,-0.00,0.00,-0.00,-0.00,0.00,-0.25,-0.00,-0.00,0.00,0.00,29.10,26.41,0,11,3.23,1.02,1.02,1.02,1.02,1.02,1.02,1.02,1.02,1.02,1.02,-1.97,-0.62,-0.62,-0.62,0.62,-0.62,-0.62,-0.62,-0.62,-0.62,0.62,0.00,0.00,0.00,0.00,0.00,0.00,0.00,0.00,0.00,0.00,0.00
16.50,38.82,36.51,0,10,1.91,0.61,0.61,0.61,0.61,0.61,1.90,0.61,0.61,0.61,3.09,-0.73,-0.23,-0.23,-0.23,-0.23,-0.23,-2.09,-0.47,-0.80,-1.64,-0.23,-0.00,-0.00,-0.00,0.00,0.00,-0.00,0.00,-0.00,-0.00,-0.00,-0.29,0.00,35.79,30.98,0,11,3.09,0.98,0.98,0.98,0.98,0.98,0.98,0.98,0.98,0.98,0.98,-2.14,-0.68,-0.68,-0.68,-0.68,-0.68,-0.68,-0.68,-0.68,-0.68,-0.68,0.00,0.00,0.00,0.00,0.00,0.00,0.00,0.00,0.00,0.00,0.00
16.50,38.88,53.42,0,11,1.23,0.39,0.39,0.39,0.39,2.47,0.39,2.34,0.39,2.29,1.79,-0.88,-0.28,-0.28,-0.28,-0.28,-0.48,-0.28,-0.28,-0.28,-0.78,-2.09,0.00,0.00,0.00,0.00,-0.00,0.00,0.00,-0.00,-0.00,0.00,-0.00,1.00,33.71,40.81,0,11,3.08,0.97,0.97,0.97,0.97,0.97,0.97,1.48,0.97,1.47,0.97,-1.93,-0.61,-0.61,-0.61,-0.61,-0.61,-0.61,-0.61,-0.61,-0.61,-0.61,0.00,0.00,0.00,0.00,0.00,0.00,0.00,0.00,0.00,0.00,0.00
14.50,36.48,27.55,0,9,2.26,0.71,0.71,1.26,0.71,0.71,0.71,0.71,0.71,0.71,1.54,-1.04,-0.34,-0.48,-0.33,-0.14,-0.33,-0.33,-0.33,-1.34,-1.36,-0.33,-0.00,0.00,-0.45,0.00,0.00,-0.00,0.00,-0.03,0.00,-0.00,-0.00,0.00,29.29,24.24,0,11,2.90,0.92,0.92,0.92,0.92,0.92,0.92,0.92,0.92,0.92,0.92,-1.87,-0.59,-0.59,-0.59,-0.59,-0.59,-0.59,-0.59,-0.59,-0.59,-0.59,0.00,0.00,0.00,0.00,0.00,0.00,0.00,0.00,0.00,0.00,0.00
29.00,37.71,38.19,0,0,1.30,0.41,1.71,0.41,0.41,1.47,0.41,1.38,3.18,3.96,0.41,-1.71,-0.70,0.28,-0.84,0.54,-1.44,-0.54,-0.54,-0.61,-1.54,-1.04,-1.77,-0.56,-0.56,0.56,0.73,0.21,0.56,-0.30,-0.56,1.73,0.10,0.00,41.26,39.46,0,0,3.51,1.11,1.11,1.11,1.11,1.11,1.11,1.11,1.11,1.11,1.11,-2.66,-0.84,0.84,-0.84,0.84,-0.84,-0.84,-0.84,-0.84,-0.84,-0.84,-2.75,-0.87,-0.87,0.87,0.87,0.87,0.87,-0.87,-0.87,0.87,0.87
15.50,31.88,29.45,0,11,2.67,0.84,0.96,0.84,0.84,0.84,0.84,0.84,1.16,0.84,0.84,-1.88,0.08,-0.60,-0.60,-0.60,-0.60,-0.60,-0.60,-0.60,-1.07,-0.79,-0.00,0.00,0.00,-0.00,-0.00,0.00,-0.00,-0.00,-0.00,0.00,0.00,0.00,31.38,31.76,0,11,3.10,0.98,0.98,0.98,0.98,0.98,0.98,0.98,0.98,0.98,0.98,-2.65,0.84,-0.84,-0.84,-0.84,-0.84,-0.84,-0.84,-0.84,-0.84,-0.84,0.00,0.00,0.00,0.00,0.00,0.00,0.00,0.00,0.00,0.00,0.00
21.00,44.02,33.62,0,8,2.97,0.31,0.94,0.94,0.94,1.35,2.14,0.94,1.58,0.94,1.42,-1.62,-0.63,1.24,0.13,-0.51,0.19,-1.40,-0.51,-0.51,-1.01,-1.37,0.00,-0.00,0.00,0.02,0.00,-0.43,-0.00,0.00,0.00,0.22,-0.00,0.00,45.57,35.20,0,11,3.72,1.18,1.18,1.18,1.18,1.18,1.18,1.18,1.18,1.18,1.18,-3.05,-0.97,0.97,0.97,-0.97,0.97,-0.97,-0.97,-0.97,-0.97,-0.97,0.00,0.00,0.00,0.00,0.00,0.00,0.00,0.00,0.00,0.00,0.00
18.50,34.45,20.53,0,9,2.29,0.49,1.01,0.43,0.98,0.72,0.95,0.72,1.93,3.53,1.13,-1.74,-0.55,-0.59,-0.55,-0.55,-0.55,-0.03,-0.55,-0.55,-0.55,-0.65,-0.00,-0.00,-0.00,-0.22,-0.00,-0.00,-0.00,0.00,0.00,0.00,-0.22,6.50,31.50,21.18,0,9,3.74,-0.14,1.18,0.00,1.18,0.86,1.18,1.18,1.52,2.80,1.18,-2.08,-0.66,-0.66,-0.66,-0.66,-0.66,0.31,-0.66,-0.66,-0.66,-0.66,0.00,0.00,0.00,-0.50,0.00,0.00,0.00,0.00,0.00,0.00,-0.25
22.50,33.89,35.92,0,7,3.34,0.45,2.03,1.06,1.06,1.06,0.36,1.08,1.06,1.06,2.18,-1.96,-0.62,-0.35,-0.27,0.14,-1.17,-2.27,-1.30,-0.62,-0.62,-0.62,0.00,0.05,0.42,0.06,0.00,0.00,-0.00,0.00,0.00,0.20,0.00,3.50,37.02,39.19,0,9,3.96,0.87,1.25,1.25,1.25,1.25,0.35,1.25,1.25,1.25,1.25,-3.09,-0.98,-0.67,-0.10,0.98,-0.98,-1.24,-0.98,-0.98,-0.98,-0.98,0.00,0.00,0.47,0.00,0.00,0.00,0.00,0.00,0.00,0.30,0.00
16.50,37.36,38.13,0,10,2.34,0.74,0.74,0.52,0.74,0.74,1.73,0.74,0.84,1.78,0.74,-1.11,-0.35,-0.10,-0.35,-0.35,-0.35,-1.50,-1.77,-0.19,-0.35,-1.06,0.00,-0.00,0.00,-0.00,0.00,-0.00,0.00,0.00,0.00,0.19,-0.00,1.00,33.21,40.13,0,11,3.06,0.97,0.63,0.91,0.97,0.97,0.97,0.97,0.97,1.37,0.97,-1.92,-0.61,-0.61,-0.61,-0.61,-0.61,-0.61,-0.81,-0.61,-0.61,-0.61,0.00,0.00,0.00,0.00,0.00,0.00,0.00,0.00,0.00,0.00,0.00
19.50,52.08,36.55,0,8,2.64,1.23,0.84,-0.84,0.73,0.84,2.83,0.84,0.84,1.74,1.29,-0.48,0.15,-0.15,0.15,-0.70,-0.15,-2.51,-0.15,-0.92,0.15,-0.99,-0.00,-0.70,0.00,-0.00,0.29,0.00,0.00,0.00,0.00,-0.36,0.00,2.00,47.83,38.17,0,10,3.74,1.18,1.18,-1.22,1.18,1.18,1.65,1.18,1.18,1.18,1.18,-2.32,0.90,-0.73,0.73,-0.73,-0.31,-1.51,-0.73,-0.73,0.73,-0.73,0.00,-0.12,0.00,0.00,0.00,0.00,0.00,0.00,0.00,-0.00,0.00
19.00,37.92,40.61,0,10,2.13,0.67,0.67,0.67,0.67,0.67,0.67,0.67,3.79,3.13,0.67,-1.12,-0.36,-0.36,-0.36,-0.36,-1.82,-0.36,-0.36,-0.36,-1.95,-0.36,0.00,0.00,0.06,0.00,0.00,0.00,0.00,-0.00,0.00,0.00,0.00,0.00,36.11,35.96,0,11,3.73,1.18,1.18,1.18,1.18,1.18,1.18,1.18,1.18,1.18,1.18,-2.21,-0.70,-0.70,-0.70,-0.70,-0.70,-0.70,-0.70,-0.70,-0.70,-0.70,0.00,0.00,0.00,0.00,0.00,0.00,0.00,0.00,0.00,0.00,0.00
16.50,32.77,23.38,0,10,1.54,0.49,0.49,0.49,1.27,0.49,0.49,1.36,2.41,2.37,0.71,-0.51,-0.16,-0.16,-0.16,-0.16,-1.81,-1.94,-0.58,-0.58,-0.16,-0.16,0.00,0.00,0.00,0.00,0.07,0.00,0.00,0.00,-0.00,0.00,0.00,12.00,27.81,20.11,0,10,3.49,-0.07,-0.23,-0.12,1.10,0.25,1.10,1.24,2.54,2.49,1.10,-1.53,-0.42,-0.48,0.40,0.07,-1.22,-1.90,-0.64,-0.66,-0.48,-0.50,0.00,0.00,0.00,0.00,0.44,0.00,0.00,0.00,0.00,0.00,0.00
17.00,40.75,27.83,0,10,2.26,0.71,0.71,0.71,0.71,0.71,0.71,0.96,0.71,3.30,0.71,-1.67,-0.53,-0.62,-0.53,-0.53,-0.53,-0.53,-0.53,-1.17,-0.53,-1.10,-0.00,-0.46,-0.00,-0.00,0.00,0.00,-0.00,-0.00,-0.00,-0.00,0.00,0.00,35.42,28.50,0,11,3.21,1.02,1.02,1.02,1.02,1.02,1.02,1.02,1.02,1.02,1.02,-2.26,-0.71,-0.71,-0.71,-0.71,-0.71,-0.71,-0.71,-0.71,-0.71,-0.71,0.00,0.00,0.00,0.00,0.00,0.00,0.00,0.00,0.00,0.00,0.00
19.00,32.89,31.48,7,10,2.80,-0.38,0.88,0.88,0.88,0.88,1.01,0.88,1.74,2.13,1.18,-0.00,-0.00,-0.00,0.00,-0.00,-0.00,-0.00,-1.68,-1.57,-2.66,-1.66,-0.00,-0.00,-0.00,-0.00,0.00,0.00,-0.00,-0.07,-0.00,0.00,-0.00,9.50,36.02,33.17,7,10,3.72,-1.18,1.18,0.90,1.18,1.18,1.18,1.18,1.72,1.61,1.18,0.00,0.00,0.00,0.00,0.00,0.00,0.00,-1.71,-1.53,-2.93,-1.66,0.00,0.00,0.00,0.00,0.00,0.00,0.00,-0.42,0.00,0.00,0.00
18.00,28.99,30.60,0,10,2.13,0.01,0.67,0.67,0.67,0.67,2.01,0.71,0.67,2.41,1.14,-1.36,-0.43,-0.78,0.43,-0.43,0.43,-1.03,-0.43,-1.86,-1.04,-0.43,0.00,-0.00,-0.00,-0.00,-0.00,0.00,-0.00,0.41,0.00,0.00,-0.00,0.00,32.24,28.79,0,11,3.12,0.99,0.99,0.99,0.99,0.99,0.99,0.99,0.99,0.99,0.99,-2.74,-0.87,-0.87,0.87,-0.87,0.87,-0.87,-0.87,-0.87,-0.87,-0.87,0.00,0.00,0.00,0.00,0.00,0.00,0.00,0.00,0.00,0.00,0.00
21.00,36.64,26.83,0,7,2.27,0.12,-0.01,1.05,1.59,0.72,1.61,1.08,0.72,2.85,1.53,-2.16,-0.68,-0.68,-0.68,-0.24,-0.12,-0.97,-0.99,-0.68,-1.26,-0.68,-0.00,-0.16,-0.00,0.06,-0.00,-0.00,-0.17,0.00,0.00,0.00,0.04,1.00,34.09,28.36,0,11,3.92,0.56,-1.24,1.24,1.24,1.24,1.24,1.24,1.24,1.56,1.24,-2.35,-0.74,-0.74,-0.74,-0.74,-0.74,-0.74,-0.74,-0.74,-0.74,-0.74,0.00,-0.00,0.00,0.00,0.00,0.00,-0.00,0.00,0.00,0.00,0.00
18.50,37.83,35.76,0,11,2.46,0.06,0.31,1.36,0.78,0.78,-0.08,0.78,0.78,2.98,1.90,-1.61,-0.51,-0.51,-0.51,-0.51,-0.51,-0.94,0.51,-0.51,-1.81,-0.51,-0.00,-0.00,-0.00,0.00,-0.00,-0.00,-0.00,0.00,0.00,0.00,-0.00,3.50,41.18,45.46,0,11,3.97,0.56,0.70,1.26,1.26,1.26,-1.26,1.26,1.26,2.13,1.43,-2.58,-0.62,-0.82,-0.82,-0.82,-0.82,-0.82,1.24,-0.82,-1.39,-0.82,0.00,0.00,0.00,0.00,0.00,0.00,0.00,0.00,0.00,0.00,0.00
20.50,38.71,39.91,0,8,2.36,-0.75,0.75,0.32,-0.75,0.95,1.18,1.88,3.68,0.75,0.75,-0.89,-1.18,-0.28,-0.28,-0.28,0.28,-0.28,-1.39,-1.04,-0.28,-2.33,-0.00,0.00,0.14,0.00,-0.00,-0.00,0.00,-0.11,0.00,-0.00,-0.45,5.50,35.50,36.71,0,8,3.07,-1.00,0.97,0.37,-0.97,0.97,0.97,1.55,3.23,0.97,0.97,-2.08,-0.66,-0.66,-0.66,-0.37,0.79,-0.66,-0.66,-0.66,-0.66,-1.41,0.00,0.00,0.26,0.00,0.00,0.00,0.00,-0.15,0.00,0.00,-0.43
20.50,28.55,31.66,0,11,2.58,0.81,0.81,0.81,0.27,0.81,1.70,2.27,2.15,2.25,0.81,-1.67,-0.53,-0.53,-0.53,-0.53,-0.53,-0.53,-0.53,-0.53,-2.48,-0.53,0.00,0.00,0.00,-0.00,0.00,-0.00,0.00,0.00,0.00,0.00,0.00,6.00,28.26,35.08,0,11,4.60,0.33,1.45,0.99,-0.57,1.45,1.45,1.45,1.88,1.49,1.45,-2.24,-0.71,-0.08,-0.71,-0.71,-0.71,-0.71,-0.71,-0.71,-2.00,-0.71,0.00,0.00,0.00,0.00,0.00,0.00,0.00,0.00,0.00,0.00,0.00
15.00,32.59,25.35,0,11,2.51,0.79,0.79,0.79,0.79,0.79,0.79,0.79,1.16,0.95,0.79,-0.88,-0.13,-0.28,-0.28,-0.28,-0.54,-0.96,-0.28,-0.28,-2.83,-0.54,0.00,0.00,-0.00,0.00,0.00,0.00,-0.00,0.00,0.00,0.00,0.00,2.00,27.95,26.84,0,11,2.94,0.93,0.93,0.93,0.93,0.93,0.93,0.93,0.93,0.93,0.93,-1.59,-0.32,-0.50,-0.50,-0.50,-0.50,-0.62,-0.50,-0.50,-2.21,-0.50,0.00,0.00,0.00,0.00,0.00,0.00,0.00,0.00,0.00,0.00,0.00
16.50,27.13,23.79,0,11,2.08,0.66,0.66,0.66,0.66,0.66,1.44,0.66,1.53,2.00,0.66,-1.73,-0.55,-0.55,-0.55,-0.55,-0.55,-0.55,-0.55,-0.55,-1.35,-1.22,-0.00,0.00,-0.00,0.00,0.00,-0.00,-0.00,0.00,-0.00,-0.00,-0.00,6.00,27.69,26.76,0,11,2.99,0.95,0.31,0.31,0.95,0.95,1.56,0.95,1.23,2.18,0.35,-2.31,-0.89,-0.01,-0.73,-0.53,-0.73,-0.73,-0.73,-0.73,-1.14,-1.24,0.00,0.00,0.00,0.00,0.00,0.00,0.00,0.00,0.00,0.00,0.00
16.00,34.85,31.50,0,10,1.35,0.43,0.43,0.43,0.43,0.43,0.51,2.03,2.22,0.43,3.54,-0.76,-0.24,-0.24,-0.24,-0.24,-0.03,-0.74,-0.24,-1.23,-1.49,-0.24,-0.00,0.00,0.00,-0.00,-0.00,0.00,0.00,-0.00,-0.00,0.00,-0.00,6.50,30.46,27.04,0,10,2.20,0.31,0.70,0.70,0.70,0.70,0.70,1.36,1.85,0.70,2.95,-1.35,-0.43,-0.43,-0.43,-0.43,-0.28,-0.70,-0.43,-0.48,-1.51,0.03,0.00,0.00,0.00,0.00,0.00,0.00,0.00,0.00,0.00,0.02,0.00
23.50,32.59,27.52,5,6,3.19,0.06,-0.49,0.97,1.01,0.31,1.17,1.11,2.11,1.54,1.01,-0.00,-0.00,-1.74,0.00,-0.67,-0.95,0.00,-3.14,-1.24,-0.72,-0.00,-0.00,1.31,0.35,-0.61,0.00,-0.78,-0.00,0.00,0.00,0.02,0.00,14.00,31.68,29.18,5,6,3.82,0.31,-1.21,1.21,1.07,0.49,1.21,1.21,1.77,1.21,1.21,0.00,0.00,-1.64,0.00,-0.54,-1.22,0.00,-3.00,-1.39,-0.66,0.00,0.00,1.16,0.40,-0.62,0.00,-0.88,0.00,0.00,0.00,0.17,0.00
16.50,33.43,36.82,0,11,2.47,0.78,0.78,0.78,0.78,0.78,0.78,0.78,0.78,0.78,2.59,-1.61,-0.51,-0.51,-0.51,-0.51,-0.51,-0.96,-0.51,-0.51,-0.51,-1.83,-0.00,-0.00,-0.00,-0.00,-0.00,0.00,-0.00,-0.00,-0.00,0.00,-0.00,0.00,32.59,29.76,0,11,3.26,1.03,1.03,1.03,1.03,1.03,1.03,1.03,1.03,1.03,1.03,-2.42,-0.76,-0.76,-0.76,-0.76,-0.76,-0.76,-0.76,-0.76,-0.76,-0.76,0.00,0.00,0.00,0.00,0.00,0.00,0.00,0.00,0.00,0.00,0.00
19.00,34.70,26.70,0,10,1.95,0.62,0.49,0.57,0.62,0.62,1.61,1.07,2.95,0.62,2.59,-1.83,-0.83,-0.41,-0.58,-0.58,-1.09,0.58,-1.11,-0.58,-0.58,-0.58,0.00,0.00,-0.00,0.00,0.00,-0.01,0.00,-0.00,-0.00,-0.00,-0.00,6.50,36.53,28.88,0,10,2.92,0.92,0.24,0.33,0.73,0.92,1.34,0.92,2.72,0.92,2.51,-2.59,-0.82,-0.40,-0.82,-0.82,-0.82,1.23,-0.82,-0.82,-0.82,-0.82,0.00,0.00,0.00,0.00,0.00,-0.40,0.00,0.00,0.00,0.00,0.00
12.50,33.35,40.13,0,11,2.56,0.81,0.81,0.81,0.81,0.81,0.81,0.81,0.67,1.60,0.81,-0.99,-0.31,-0.31,-0.31,-0.31,-0.31,-0.81,-0.31,-0.31,-0.31,-0.21,0.00,0.00,0.00,0.00,0.00,-0.00,-0.00,0.00,0.00,0.00,0.00,0.00,28.01,24.88,0,11,3.23,1.02,1.02,1.02,1.02,1.02,1.02,1.02,1.02,1.02,1.02,-1.65,-0.52,-0.52,-0.52,-0.52,-0.52,-0.52,-0.52,-0.52,-0.52,-0.52,0.00,0.00,0.00,0.00,0.00,0.00,0.00,0.00,0.00,0.00,0.00
17.50,31.44,25.49,0,10,2.45,0.78,0.78,0.78,0.78,0.78,0.78,1.83,3.21,2.27,0.78,-1.34,-0.42,-0.42,-0.42,-0.42,-0.42,-0.42,-0.72,-0.42,-0.42,-0.42,-0.00,-0.00,-0.00,0.00,0.00,0.00,-0.00,-0.00,0.00,-0.22,0.00,1.00,31.28,27.24,0,10,3.85,1.22,1.22,1.22,1.22,1.22,1.22,1.68,1.48,1.22,1.22,-1.99,-0.63,-0.63,-0.63,-0.63,-0.63,-0.63,-0.63,-0.63,-0.63,-0.63,0.00,0.00,0.00,0.00,0.00,0.00,0.00,0.00,0.00,-0.27,0.00
24.50,32.33,32.33,0,0,2.74,1.17,0.87,0.49,0.87,-0.39,0.87,2.43,0.87,2.58,1.23,-1.00,0.30,-0.32,0.23,-0.05,-0.32,-0.72,-0.61,-0.74,-2.89,-1.87,-0.27,0.54,-0.08,-0.02,-0.00,1.06,0.47,-0.35,-0.02,-0.66,-0.08,0.00,32.57,26.13,0,0,3.85,1.22,1.22,1.22,1.22,-1.22,1.22,1.22,1.22,1.22,1.22,-2.81,0.89,-0.89,0.89,-0.89,-0.89,-0.89,-0.89,-0.89,-0.89,-0.89,-0.06,0.02,-0.02,-0.02,-0.02,0.02,0.02,-0.02,-0.02,-0.02,-0.02
19.00,36.06,41.42,0,11,1.52,0.48,1.62,1.54,0.48,0.48,2.49,1.55,0.48,0.93,0.87,-0.90,-0.28,-1.69,-0.28,-0.28,-0.05,-2.13,-0.74,-0.28,-0.28,-1.82,-0.00,-0.00,0.00,0.00,-0.00,0.00,0.00,-0.00,-0.00,0.00,-0.00,0.00,32.71,31.78,0,11,3.09,0.98,0.98,0.98,0.98,0.98,0.98,0.98,0.98,0.98,0.98,-2.29,-0.72,-0.72,-0.72,-0.72,-0.72,-0.72,-0.72,-0.72,-0.72,-0.72,0.00,0.00,0.00,0.00,0.00,0.00,0.00,0.00,0.00,0.00,0.00
19.50,41.32,29.08,0,10,2.87,-0.17,0.91,0.91,0.91,-0.32,1.43,0.91,0.91,1.86,1.25,-0.51,0.16,-1.34,-0.16,-0.16,0.16,-0.61,-0.16,-1.78,-1.24,-1.95,-0.00,-0.00,0.00,0.00,0.00,0.00,0.88,-0.00,0.00,-0.00,-0.00,0.50,40.42,32.08,0,10,3.82,-1.21,1.21,1.21,1.21,-1.21,1.21,1.21,1.21,1.21,1.21,-2.88,0.91,-0.91,-0.63,-0.91,0.91,-0.91,-0.91,-0.91,-0.91,-0.91,0.00,0.00,0.00,0.00,0.00,0.00,0.22,0.00,0.00,0.00,0.00
16.50,29.92,24.19,0,11,2.92,0.92,0.92,0.92,0.92,0.92,0.92,0.92,0.92,1.11,1.49,-1.86,-0.59,-0.59,-0.59,-0.59,-0.59,-1.22,-0.59,-0.59,-0.59,-0.59,0.00,0.00,0.00,0.00,0.00,-0.00,-0.00,0.00,0.00,0.00,-0.00,0.00,32.99,25.63,0,11,3.54,1.12,1.12,1.12,1.12,1.12,1.12,1.12,1.12,1.12,1.12,-2.44,-0.77,-0.77,-0.77,-0.77,-0.77,-0.77,-0.77,-0.77,-0.77,-0.77,0.00,0.00,0.00,0.00,0.00,0.00,0.00,0.00,0.00,0.00,0.00
13.50,35.36,27.27,0,11,1.88,0.59,0.59,0.59,0.59,0.59,0.59,0.59,0.61,1.14,2.48,-0.55,-0.17,-0.17,-0.17,-0.17,-0.17,-0.17,-1.05,-1.99,-0.35,-0.68,0.00,-0.00,0.00,0.00,0.00,-0.00,-0.00,0.00,0.00,0.00,-0.00,0.50,31.99,22.36,0,11,2.77,0.88,0.88,0.88,0.88,0.88,0.88,0.88,0.88,0.88,0.97,-1.72,-0.54,-0.54,-0.54,-0.54,-0.54,-0.54,-0.54,-0.95,-0.54,-0.54,0.00,0.00,0.00,0.00,0.00,0.00,0.00,0.00,0.00,0.00,0.00
15.50,32.95,35.96,0,11,2.36,0.75,0.75,0.75,0.75,0.75,0.75,0.75,2.55,1.12,1.07,-1.33,-0.42,-0.42,-1.10,-0.42,-0.42,-0.42,-0.42,-0.42,-1.08,-0.42,-0.00,-0.00,0.00,0.00,0.00,0.00,0.00,0.00,-0.00,-0.00,-0.00,0.00,34.25,33.57,0,11,3.36,1.06,1.06,1.06,1.06,1.06,1.06,1.06,1.06,1.06,1.06,-2.04,-0.65,-0.65,-0.65,-0.65,-0.65,-0.65,-0.65,-0.65,-0.65,-0.65,0.00,0.00,0.00,0.00,0.00,0.00,0.00,0.00,0.00,0.00,0.00
17.00,37.87,42.94,0,10,1.48,0.47,0.47,0.47,0.47,0.47,3.84,0.47,1.55,0.47,2.00,-0.83,-0.26,-0.26,-0.26,0.24,-0.26,-1.74,-1.83,-0.46,-0.26,-0.26,-0.00,0.00,0.00,0.00,0.00,-0.00,-0.00,-0.00,-0.00,-0.46,-0.00,2.50,31.61,34.45,0,10,2.98,0.94,0.94,0.94,0.94,0.35,2.37,0.94,0.94,0.94,0.94,-1.90,-0.60,-0.60,-0.60,0.60,-0.60,-0.64,-0.60,-0.60,-0.60,-0.60,0.00,0.00,0.00,0.00,0.00,0.00,0.00,0.00,0.00,-0.44,0.00
17.50,32.21,45.66,0,11,2.24,0.71,0.71,0.71,0.66,0.29,0.71,1.99,1.31,1.25,0.89,-0.83,-0.29,-0.26,-1.51,-2.52,-1.91,-0.26,-0.26,-0.10,-0.26,-0.26,0.00,0.00,0.00,0.00,-0.00,0.00,0.00,0.00,-0.00,0.00,0.00,1.00,31.01,29.72,0,11,3.22,1.02,1.02,1.02,0.51,1.02,1.02,1.27,1.02,1.02,1.02,-2.36,-0.75,-0.75,-0.75,-0.75,-0.75,-0.75,-0.75,-0.51,-0.75,-0.75,0.00,0.00,0.00,0.00,0.00,0.00,0.00,0.00,0.00,0.00,0.00
19.00,36.14,46.23,0,9,2.75,0.87,-0.73,0.87,0.87,0.87,1.00,1.17,1.04,1.27,0.37,-1.22,0.38,-0.61,-0.40,-0.38,-1.24,-0.38,-0.38,-1.56,-0.38,-2.35,0.00,-0.00,0.00,0.00,0.00,0.00,-0.13,-0.00,0.00,0.00,-1.09,0.00,32.17,39.42,0,11,3.40,1.07,-1.07,1.07,1.07,1.07,1.07,1.07,1.07,1.07,1.07,-2.70,0.85,-0.85,-0.85,-0.85,-0.85,-0.85,-0.85,-0.85,-0.85,-0.85,0.00,0.00,0.00,0.00,0.00,0.00,0.00,0.00,0.00,0.00,0.00
16.50,36.34,36.69,0,10,2.55,0.81,0.81,0.81,0.81,-0.71,0.81,2.48,0.89,1.15,1.47,-0.57,-1.41,-0.18,-0.22,-0.18,-0.18,-0.18,-0.18,-0.18,-1.30,-0.93,0.00,-0.00,0.00,0.00,-0.00,0.00,0.00,0.00,0.76,0.00,0.00,14.50,41.27,40.48,0,10,3.17,1.00,1.00,0.20,-0.18,-0.99,1.00,3.34,1.91,1.00,2.12,-2.47,-1.19,0.72,-0.78,0.96,0.43,-0.43,-0.74,-0.18,-1.58,-0.78,0.00,0.00,0.00,0.00,0.00,0.00,0.00,0.00,1.49,0.00,0.00
18.00,38.56,33.51,0,7,1.85,0.70,0.59,-0.09,0.80,0.59,1.07,1.35,0.88,0.59,0.59,-1.26,-2.19,-0.40,0.38,-0.40,-2.33,-0.40,-0.40,-0.40,-0.40,-0.40,0.00,-0.00,0.00,0.00,-0.67,0.13,0.00,-0.48,1.26,-0.00,-0.00,2.50,32.39,25.40,0,8,2.63,0.83,0.83,-0.83,0.83,0.83,0.83,0.83,0.83,0.83,0.83,-2.41,-0.94,-0.76,0.76,-0.39,-0.76,-0.76,-0.76,-0.76,-0.76,-0.76,0.00,0.00,0.00,0.00,-0.71,0.00,0.00,-0.34,0.91,0.00,0.00
16.00,36.68,29.14,0,10,2.37,0.14,0.75,0.05,0.75,0.75,1.62,2.66,0.75,1.50,0.87,-1.11,-0.35,-0.35,-0.35,-0.35,-0.35,-1.68,-0.35,-0.35,-0.35,-0.35,0.00,0.00,0.00,-0.00,0.00,0.02,0.00,0.00,0.00,0.00,0.00,0.50,33.54,25.87,0,10,3.24,1.03,1.03,0.60,1.03,1.03,1.03,1.03,1.03,1.03,1.03,-1.75,-0.55,-0.55,-0.55,-0.55,-0.55,-0.55,-0.55,-0.55,-0.55,-0.55,0.00,0.00,0.00,0.00,0.00,0.07,0.00,0.00,0.00,0.00,0.00
16.00,33.51,42.21,0,8,1.77,1.05,0.56,0.56,0.56,0.56,2.98,1.48,1.05,0.74,0.56,-1.23,-0.39,-0.39,-1.00,-0.39,-0.39,-0.39,-0.39,-0.39,-0.39,-0.39,-0.00,-0.00,0.00,-0.74,0.00,0.00,-0.00,0.00,-0.00,0.64,-0.02,5.00,30.93,38.94,0,8,2.41,0.76,0.52,0.76,0.73,0.76,2.80,1.44,0.76,0.76,0.74,-1.50,-0.48,-0.48,-0.49,-0.48,-0.48,-0.48,-0.48,-0.48,-0.48,-0.48,0.00,0.00,0.00,-0.88,0.00,0.00,0.00,0.00,0.00,0.77,-0.32
18.00,34.82,36.35,0,11,2.04,0.64,0.28,0.64,0.64,0.64,2.57,1.32,2.46,1.96,0.64,-1.52,-0.48,-0.48,-0.48,-0.48,-0.48,-1.47,-0.48,-0.48,-0.48,-0.50,0.00,-0.00,-0.00,0.00,-0.00,-0.00,0.00,0.00,0.00,-0.00,-0.00,4.00,35.19,32.44,0,11,4.01,0.50,0.07,1.27,0.72,1.27,1.73,1.27,1.82,1.27,1.27,-2.07,-0.65,-0.65,-0.65,-0.65,-0.65,-1.12,-0.65,-0.65,-0.65,-0.65,0.00,0.00,0.00,0.00,0.00,0.00,0.00,0.00,0.00,0.00,0.00
17.00,33.35,36.94,0,10,2.55,0.81,0.81,0.81,0.81,0.81,0.81,1.72,0.81,1.05,0.81,-1.48,-0.47,-0.47,-0.47,-0.47,-0.47,-2.62,-0.47,-0.47,-1.39,-0.47,0.00,0.02,-0.00,0.00,-0.00,0.00,0.00,0.00,0.00,0.00,0.00,0.00,31.05,33.95,0,11,3.10,0.98,0.98,0.98,0.98,0.98,0.98,0.98,0.98,0.98,0.98,-2.46,-0.78,-0.78,-0.78,-0.78,-0.78,-0.78,-0.78,-0.78,-0.78,-0.78,0.00,0.00,0.00,0.00,0.00,0.00,0.00,0.00,0.00,0.00,0.00
18.50,30.81,30.82,0,9,2.51,1.17,0.79,0.18,0.17,0.88,0.79,1.63,3.15,0.79,0.71,-0.89,-0.28,-1.32,-0.21,-0.28,-0.28,-0.85,-1.32,-0.28,-0.47,-1.08,-0.00,-0.00,-0.00,-0.00,-0.00,-0.00,-0.14,-0.33,-0.00,-0.00,-0.00,0.00,28.99,26.02,0,11,3.20,1.01,1.01,1.01,1.01,1.01,1.01,1.01,1.01,1.01,1.01,-1.91,-0.60,-0.60,-0.60,-0.60,-0.60,-0.60,-0.60,-0.60,-0.60,-0.60,0.00,0.00,0.00,0.00,0.00,0.00,0.00,0.00,0.00,0.00,0.00
15.50,32.53,25.95,0,10,2.56,0.40,0.81,0.81,0.81,0.88,0.81,0.81,1.94,1.90,0.81,-0.73,-0.61,-0.23,-0.23,-0.23,-0.23,-0.23,-1.68,-1.02,-0.23,-0.23,-0.00,-0.00,-0.00,-0.00,-0.00,-0.00,-0.20,-0.00,-0.00,-0.00,-0.00,4.50,29.25,24.42,0,10,3.20,0.08,1.01,1.01,1.01,1.01,1.01,1.01,1.72,1.56,1.01,-1.23,-0.39,-0.39,-0.39,-0.39,-0.39,-0.39,-1.69,-0.93,-0.39,-0.39,0.00,0.00,0.00,0.00,0.00,0.00,-0.46,0.00,0.00,0.00,0.00
17.50,27.41,43.40,0,11,2.75,0.87,-0.07,0.87,0.87,0.87,2.72,2.44,0.87,0.87,0.87,-1.52,-0.48,-0.48,-0.48,-0.52,-0.48,-0.48,-0.46,-0.55,-0.95,-0.48,0.00,0.00,-0.00,0.00,-0.00,0.00,-0.00,0.00,-0.00,-0.00,0.00,1.00,28.93,42.91,0,11,4.01,1.27,-1.27,1.27,1.27,1.07,2.07,1.27,1.27,1.27,1.27,-1.95,-0.62,-0.62,-0.62,-0.62,-0.62,-0.62,-0.62,-0.62,-0.62,-0.62,0.00,0.00,0.00,0.00,0.00,0.00,0.00,0.00,0.00,0.00,0.00
15.50,36.54,27.43,0,10,2.17,0.68,0.83,0.68,0.68,0.68,0.68,0.68,1.38,1.20,1.73,-0.50,-0.16,-0.16,-0.16,-0.16,-0.16,-0.93,-0.16,-1.09,-2.91,-0.16,-0.00,-0.00,-0.00,0.00,-0.00,-0.00,-0.00,-0.00,-0.22,-0.00,-0.00,3.50,34.93,22.34,0,11,3.20,0.84,1.01,1.01,1.01,0.54,1.01,1.01,1.01,1.01,1.11,-1.83,-0.01,0.08,-0.58,-0.58,-0.58,-0.58,-0.58,-0.65,-2.03,-0.58,0.00,0.00,0.00,0.00,0.00,0.00,0.00,0.00,-0.00,0.00,0.00
15.00,34.80,28.20,0,11,2.34,0.74,0.74,0.74,0.74,0.74,0.74,2.11,1.16,0.74,1.69,-1.17,-0.37,-0.37,-0.37,-0.37,-0.37,-0.37,-0.37,-0.53,-0.37,-1.35,-0.00,-0.00,0.00,-0.00,-0.00,-0.00,-0.00,-0.00,-0.00,-0.00,-0.00,0.00,31.26,28.32,0,11,3.28,1.04,1.04,1.04,1.04,1.04,1.04,1.04,1.04,1.04,1.04,-1.82,-0.58,-0.58,-0.58,-0.58,-0.58,-0.58,-0.58,-0.58,-0.58,-0.58,0.00,0.00,0.00,0.00,0.00,0.00,0.00,0.00,0.00,0.00,0.00
18.00,40.83,35.63,0,11,2.46,0.78,1.02,-0.78,0.78,1.35,0.78,1.28,0.78,-0.62,1.64,-1.17,-0.37,-0.37,-0.37,0.21,-0.14,-1.31,-2.91,-1.23,-0.37,-0.37,0.00,-0.00,-0.00,0.00,0.00,0.00,-0.00,-0.00,-0.00,0.00,0.00,1.00,38.65,31.11,0,11,3.56,1.12,1.12,-1.12,1.10,1.12,1.12,1.12,1.12,-1.12,1.12,-2.18,-0.69,-0.69,-0.69,0.69,-0.69,-0.69,-1.67,-0.69,-0.69,-0.69,0.00,0.00,0.00,0.00,0.00,0.00,0.00,0.00,0.00,0.00,0.00
17.00,37.34,49.38,0,8,2.17,0.69,0.69,0.69,0.08,0.69,0.69,1.34,1.13,2.33,0.69,-0.98,-2.10,-0.31,-0.31,-0.31,-0.96,-0.41,-0.54,-0.93,-0.31,-0.31,-0.00,0.00,0.00,-0.00,-0.00,0.30,0.00,0.03,-0.00,-0.55,-0.00,0.00,30.74,40.51,0,11,3.14,0.99,0.99,0.99,0.99,0.99,0.99,0.99,0.99,0.99,0.99,-2.17,-0.69,-0.69,-0.69,-0.69,-0.69,-0.69,-0.69,-0.69,-0.69,-0.69,0.00,0.00,0.00,0.00,0.00,0.00,0.00,0.00,0.00,0.00,0.00
18.50,29.20,33.41,0,11,2.34,0.74,0.74,0.04,1.78,0.55,0.74,2.13,1.31,0.74,0.97,-0.63,-0.20,-0.20,0.20,-0.20,-0.20,-2.33,-0.84,-1.33,-2.18,-0.20,-0.00,-0.00,0.00,-0.00,-0.00,-0.00,-0.00,-0.00,0.00,-0.00,-0.00,26.00,29.07,38.01,0,11,6.22,-0.09,-0.21,-1.13,1.17,-0.26,0.55,2.23,1.78,-0.18,1.97,0.02,-0.26,0.26,0.78,-0.05,-0.35,-2.64,-1.21,-2.25,-2.89,-0.88,0.00,0.00,0.00,0.00,0.00,0.00,0.00,0.00,0.00,0.00,0.00
17.00,34.36,33.80,0,8,3.11,0.79,0.98,0.98,0.98,0.98,0.98,1.64,1.19,0.98,0.98,-1.06,-0.33,-1.72,-0.48,-0.33,-0.33,-0.33,-0.33,-0.88,-0.33,-0.33,0.00,0.48,-0.00,0.25,0.00,0.00,0.00,0.00,0.16,0.00,0.00,0.00,30.24,31.45,0,11,3.61,1.14,1.14,1.14,1.14,1.14,1.14,1.14,1.14,1.14,1.14,-1.92,-0.61,-0.61,-0.61,-0.61,-0.61,-0.61,-0.61,-0.61,-0.61,-0.61,0.00,0.00,0.00,0.00,0.00,0.00,0.00,0.00,0.00,0.00,0.00
17.00,38.69,35.18,0,8,1.93,0.36,0.61,0.61,0.61,0.61,0.61,3.36,0.73,2.19,0.61,-1.20,0.14,-0.93,-0.38,-0.38,-0.43,-0.85,-0.38,-1.11,-0.38,-0.42,0.00,0.00,0.00,0.00,0.37,-0.00,-0.00,0.16,0.27,0.00,-0.00,0.00,33.94,30.91,0,11,3.00,0.95,0.95,0.95,0.95,0.95,0.95,0.95,0.95,0.95,0.95,-2.14,0.68,-0.68,-0.68,-0.68,-0.68,-0.68,-0.68,-0.68,-0.68,-0.68,0.00,0.00,0.00,0.00,0.00,0.00,0.00,0.00,0.00,0.00,0.00
20.50,34.66,24.08,0,10,2.36,0.75,0.75,0.53,0.75,0.75,0.82,1.43,1.58,1.29,3.49,-1.81,-0.57,0.03,-0.49,-1.64,-0.80,-0.52,-0.68,-0.82,-0.57,-0.60,0.00,0.00,0.00,-0.00,0.00,0.76,0.00,0.00,0.00,-0.00,0.00,5.00,33.41,23.18,0,10,3.50,1.11,0.56,0.36,1.11,1.03,1.11,1.11,1.11,1.11,2.96,-2.65,-0.84,0.84,-0.33,-1.32,-0.84,-0.74,-0.84,-0.84,-0.84,-0.84,0.00,0.00,0.00,0.00,0.00,0.69,0.00,0.00,0.00,0.00,0.00
15.00,43.69,36.22,0,9,2.33,0.74,0.74,0.74,0.74,2.49,0.74,0.74,0.74,0.74,0.74,-1.63,-0.52,-0.52,-0.20,-0.52,-0.52,-0.52,-1.01,-0.52,-0.52,-0.52,-0.00,-0.00,-0.00,-0.00,-0.00,0.00,-0.00,-0.00,-0.01,-0.20,-0.00,0.00,39.10,34.82,0,11,3.21,1.02,1.02,1.02,1.02,1.02,1.02,1.02,1.02,1.02,1.02,-2.18,-0.69,-0.69,-0.69,-0.69,-0.69,-0.69,-0.69,-0.69,-0.69,-0.69,0.00,0.00,0.00,0.00,0.00,0.00,0.00,0.00,0.00,0.00,0.00
16.50,30.82,37.19,0,10,1.74,0.55,0.56,0.55,0.55,0.55,2.07,2.06,0.75,2.03,0.55,-1.55,-0.49,-0.49,-0.49,-0.49,-0.49,-0.49,-0.49,-0.57,-1.25,-0.49,-0.00,-0.00,-0.54,0.00,-0.00,-0.00,-0.00,-0.00,0.00,0.00,0.00,0.00,26.32,34.69,0,11,3.04,0.96,0.96,0.96,0.96,0.96,0.96,0.96,0.96,0.96,0.96,-2.04,-0.64,-0.64,-0.64,-0.64,-0.64,-0.64,-0.64,-0.64,-0.64,-0.64,0.00,0.00,0.00,0.00,0.00,0.00,0.00,0.00,0.00,0.00,0.00
22.00,36.51,34.39,5,0,0.87,0.28,0.28,0.28,0.28,3.48,1.26,1.49,1.95,2.58,2.08,-0.00,-0.75,0.00,-1.75,-0.78,0.04,-3.14,0.00,0.00,0.00,-0.67,0.14,0.00,0.18,0.04,0.04,0.39,0.04,-0.04,-0.04,0.04,0.04,6.00,35.85,35.99,6,0,3.46,1.09,1.09,1.09,1.09,1.22,1.09,1.09,1.09,1.09,1.09,0.00,-0.17,0.00,-1.24,-0.49,0.00,-2.95,0.00,0.00,0.00,-1.03,0.24,0.08,0.08,0.08,0.08,0.08,0.08,-0.08,-0.08,0.08,0.08
15.50,36.52,27.84,0,11,3.44,1.09,1.09,1.09,1.09,1.09,1.09,1.09,1.09,1.09,1.09,-0.80,-0.25,-0.25,-0.25,-0.25,-0.25,-0.78,-0.25,-1.00,-0.25,-1.08,0.00,0.00,0.00,0.00,0.00,0.00,0.00,0.00,0.00,-0.00,0.00,0.00,31.03,25.58,0,11,3.89,1.23,1.23,1.23,1.23,1.23,1.23,1.23,1.23,1.23,1.23,-1.77,-0.56,-0.56,-0.56,-0.56,-0.56,-0.56,-0.56,-0.56,-0.56,-0.56,0.00,0.00,0.00,0.00,0.00,0.00,0.00,0.00,0.00,0.00,0.00
21.50,35.45,30.76,0,9,3.09,0.98,1.16,-0.73,0.98,0.89,1.24,2.56,1.64,0.98,1.71,-0.64,-0.20,-0.20,0.20,0.20,-0.20,-1.76,-2.02,-0.20,-1.92,-0.23,0.00,-0.00,0.00,-0.00,-0.00,0.00,0.91,0.26,-0.00,0.00,0.00,4.50,36.54,34.46,0,10,4.25,1.34,1.34,-1.34,1.34,1.17,1.34,1.34,1.34,1.34,1.34,-2.68,0.56,-0.12,0.85,0.85,-0.68,-1.48,-1.26,-0.84,-0.93,-0.85,0.00,0.00,0.00,0.00,0.00,0.00,0.87,0.00,0.00,0.00,0.00
16.00,33.32,26.09,0,9,2.14,0.68,0.68,0.68,0.68,0.68,0.68,2.05,2.24,1.24,0.68,-1.64,-0.52,-0.52,-0.52,-0.52,-0.52,-0.52,-0.52,-0.52,-0.52,-0.52,-0.00,-0.26,-0.29,-0.00,-0.00,-0.00,-0.00,-0.00,-0.00,-0.00,-0.00,0.00,30.68,26.30,0,11,3.38,1.07,1.07,1.07,1.07,1.07,1.07,1.07,1.07,1.07,1.07,-2.14,-0.68,-0.68,-0.68,-0.68,-0.68,-0.68,-0.68,-0.68,-0.68,-0.68,0.00,0.00,0.00,0.00,0.00,0.00,0.00,0.00,0.00,0.00,0.00
30.00,38.53,45.84,0,0,2.75,-1.37,0.53,0.87,-0.87,1.00,0.87,3.18,4.05,1.51,1.48,-0.51,-0.03,-1.75,-2.42,-0.78,0.16,-0.16,-0.16,-0.78,-1.43,-1.04,-0.47,-0.49,0.73,-0.51,-0.15,0.15,0.88,-0.15,-1.49,-0.38,0.15,12.50,38.40,44.32,0,0,4.11,-1.82,0.56,1.00,-1.30,1.30,0.62,2.81,3.71,1.30,1.30,-1.71,0.04,-1.30,-1.92,-0.69,0.54,-0.54,-0.54,-0.54,-1.22,-0.97,-1.29,-0.41,0.86,-0.41,-0.38,0.64,1.14,-0.41,-1.32,-0.41,0.41
20.50,39.72,31.47,0,0,2.75,0.87,0.62,0.87,0.59,0.87,0.87,0.23,2.15,2.01,0.87,-1.25,-1.90,0.14,0.15,-0.39,-0.61,-0.39,-0.39,-0.39,-1.10,-1.43,0.18,0.79,0.06,-0.06,0.06,0.06,-0.06,-0.50,-0.19,0.06,-0.17,0.50,36.00,33.51,0,0,3.14,0.99,0.99,0.99,0.99,0.99,0.99,0.99,0.99,0.99,0.99,-2.54,-0.80,0.80,0.80,-0.80,-0.80,-0.80,-0.80,-0.80,-0.80,-0.80,1.43,0.45,0.45,-0.45,0.45,0.45,-0.45,-0.95,-0.45,0.45,-0.45
14.50,31.27,35.64,0,11,2.10,0.82,0.66,0.66,0.66,0.66,0.66,0.66,0.66,1.84,0.79,-1.16,-0.37,-0.37,-0.37,-0.37,-0.37,-1.23,-0.70,-0.98,-0.37,-1.30,0.00,0.00,0.00,0.00,0.00,0.00,-0.00,0.00,0.00,0.00,0.00,0.00,27.09,30.60,0,11,2.88,0.91,0.91,0.91,0.91,0.91,0.91,0.91,0.91,0.91,0.91,-2.06,-0.65,-0.65,-0.65,-0.65,-0.65,-0.65,-0.65,-0.65,-0.65,-0.65,0.00,0.00,0.00,0.00,0.00,0.00,0.00,0.00,0.00,0.00,0.00
