Setup=1 p=33
old prediction
43.00( 6.87) 41.19( 8.42)  0.06( 0.60)  9.52( 2.30) 
new prediction
37.63( 5.40) 36.77( 7.32)  0.06( 0.60) 10.15( 2.26) 
old solution
 4.08( 0.66)  1.52( 0.61)  1.59( 0.68)  1.47( 0.53)  1.50( 0.41)  1.57( 0.69)  1.45( 0.48)  1.48( 0.50)  1.57( 0.65)  1.53( 0.60)  1.53( 0.62) 
-2.02( 0.58) -1.02( 0.79) -0.90( 0.62) -0.89( 0.69) -0.78( 0.48) -0.98( 0.74) -0.98( 0.62) -0.89( 0.55) -0.94( 0.60) -0.99( 0.63) -0.90( 0.45) 
-0.03( 0.24)  0.02( 0.25) -0.04( 0.19) -0.00( 0.10)  0.00( 0.12) -0.01( 0.16)  0.05( 0.29) -0.01( 0.20)  0.01( 0.23)  0.02( 0.25)  0.00( 0.12) 
new solution
 5.01( 0.48)  1.51( 0.42)  1.59( 0.27)  1.55( 0.40)  1.59( 0.22)  1.57( 0.19)  1.53( 0.44)  1.62( 0.23)  1.57( 0.27)  1.53( 0.44)  1.63( 0.37) 
-3.05( 0.59) -0.96( 0.34) -0.95( 0.38) -0.97( 0.34) -0.92( 0.40) -0.90( 0.44) -1.00( 0.43) -0.95( 0.34) -1.00( 0.40) -1.02( 0.33) -0.95( 0.27) 
-0.05( 0.36)  0.01( 0.17) -0.05( 0.24) -0.00( 0.15)  0.01( 0.13) -0.01( 0.16)  0.03( 0.26) -0.00( 0.18)  0.00( 0.25)  0.01( 0.13)  0.03( 0.15) 

Setup=2 p=33
old prediction
50.85( 7.34) 48.14(10.81)  1.14( 2.56)  7.35( 3.38) 
new prediction
47.24( 7.55) 45.14(10.41)  1.18( 2.64)  8.41( 3.68) 
old solution
 2.14( 1.09) -0.28( 0.84) -0.25( 0.76) -0.23( 0.74)  1.35( 0.87)  1.40( 0.93)  1.19( 0.93)  1.46( 0.87)  1.48( 1.09)  1.52( 0.96)  1.44( 1.06) 
-0.82( 0.70) -0.08( 0.57)  0.00( 0.56) -0.02( 0.63) -0.67( 0.78) -0.91( 1.00) -0.95( 0.91) -0.68( 0.77) -0.79( 0.81) -0.92( 0.89) -0.75( 0.75) 
-0.10( 0.50)  0.02( 0.40) -0.07( 0.43)  0.00( 0.40)  0.02( 0.32)  0.01( 0.40)  0.04( 0.43)  0.05( 0.45)  0.03( 0.42)  0.03( 0.48)  0.02( 0.32) 
new solution
 4.06( 1.38) -0.65( 1.35) -0.57( 1.28) -0.58( 1.27)  1.35( 0.50)  1.39( 0.66)  1.19( 0.80)  1.42( 0.60)  1.38( 0.74)  1.37( 0.57)  1.36( 0.64) 
-2.14( 1.23)  0.13( 0.88)  0.14( 0.86)  0.13( 0.82) -0.67( 0.71) -0.79( 0.73) -0.81( 0.75) -0.65( 0.69) -0.77( 0.62) -0.82( 0.60) -0.73( 0.64) 
-0.21( 0.91)  0.05( 0.38) -0.09( 0.43)  0.02( 0.39)  0.03( 0.32) -0.00( 0.29)  0.04( 0.43)  0.06( 0.42)  0.06( 0.42)  0.06( 0.44)  0.06( 0.37) 

Setup=3 p=33
old prediction
37.83( 5.74) 36.22( 7.39)  0.29( 1.28)  9.48( 2.30) 
new prediction
33.57( 4.80) 32.73( 6.29)  0.31( 1.36) 10.08( 2.30) 
old solution
 4.14( 0.61)  1.53( 0.58)  1.58( 0.62)  1.49( 0.53)  1.53( 0.42)  1.56( 0.64)  1.47( 0.48)  1.47( 0.45)  1.58( 0.63)  1.55( 0.60)  1.55( 0.61) 
-0.75( 0.42) -0.54( 0.66) -0.46( 0.55) -0.45( 0.61) -0.32( 0.36) -0.53( 0.63) -0.48( 0.51) -0.41( 0.44) -0.48( 0.50) -0.50( 0.54) -0.43( 0.39) 
-0.02( 0.20)  0.03( 0.28) -0.04( 0.18) -0.01( 0.13)  0.00( 0.11) -0.00( 0.18)  0.04( 0.24) -0.01( 0.24)  0.01( 0.21)  0.00( 0.24) -0.01( 0.11) 
new solution
 5.00( 0.45)  1.50( 0.42)  1.61( 0.31)  1.56( 0.37)  1.57( 0.20)  1.57( 0.18)  1.52( 0.45)  1.62( 0.23)  1.59( 0.23)  1.54( 0.42)  1.63( 0.36) 
-1.67( 0.50) -0.52( 0.24) -0.49( 0.44) -0.47( 0.36) -0.43( 0.38) -0.46( 0.39) -0.46( 0.43) -0.49( 0.35) -0.53( 0.37) -0.55( 0.42) -0.51( 0.26) 
-0.06( 0.34)  0.01( 0.20) -0.05( 0.23) -0.01( 0.16)  0.01( 0.12) -0.01( 0.15)  0.03( 0.27) -0.01( 0.20) -0.00( 0.22) -0.00( 0.16)  0.00( 0.12) 

Setup=4 p=33
old prediction
43.18( 6.36) 40.83( 9.24)  2.41( 3.55)  7.74( 3.18) 
new prediction
40.05( 7.01) 38.90( 8.75)  2.58( 3.74)  8.65( 3.36) 
old solution
 2.27( 1.05) -0.30( 0.84) -0.27( 0.72) -0.25( 0.72)  1.32( 0.78)  1.40( 0.87)  1.21( 0.87)  1.43( 0.79)  1.46( 0.97)  1.52( 0.87)  1.44( 0.96) 
-0.43( 0.48) -0.30( 0.57) -0.20( 0.56) -0.21( 0.56) -0.31( 0.51) -0.51( 0.75) -0.55( 0.71) -0.34( 0.56) -0.44( 0.63) -0.49( 0.67) -0.40( 0.53) 
-0.09( 0.49)  0.04( 0.39) -0.05( 0.40)  0.01( 0.36)  0.02( 0.30) -0.00( 0.35)  0.05( 0.39)  0.02( 0.37)  0.01( 0.33)  0.01( 0.41)  0.02( 0.26) 
new solution
 4.07( 1.35) -0.76( 1.29) -0.64( 1.16) -0.66( 1.15)  1.35( 0.44)  1.39( 0.68)  1.20( 0.70)  1.44( 0.58)  1.45( 0.64)  1.40( 0.59)  1.42( 0.46) 
-1.14( 1.09) -0.31( 0.54) -0.15( 0.56) -0.21( 0.65) -0.32( 0.52) -0.45( 0.64) -0.43( 0.66) -0.34( 0.50) -0.42( 0.51) -0.49( 0.60) -0.40( 0.46) 
-0.16( 0.72)  0.09( 0.45) -0.08( 0.32)  0.03( 0.34)  0.03( 0.28) -0.00( 0.35)  0.04( 0.40)  0.02( 0.37)  0.02( 0.36)  0.00( 0.34)  0.05( 0.29) 

Setup=5 p=33
old prediction
35.68( 4.64) 33.66( 7.08)  0.27( 1.20)  8.81( 2.85) 
new prediction
33.68( 4.72) 31.57( 6.32)  0.29( 1.28)  9.50( 2.90) 
old solution
 2.37( 0.58)  0.57( 0.62)  0.63( 0.52)  0.65( 0.49)  0.61( 0.44)  0.67( 0.61)  1.23( 0.76)  1.36( 0.68)  1.44( 0.88)  1.48( 0.80)  1.39( 0.83) 
-1.07( 0.55) -0.47( 0.53) -0.40( 0.60) -0.42( 0.55) -0.33( 0.41) -0.42( 0.55) -0.89( 0.77) -0.75( 0.67) -0.83( 0.67) -0.89( 0.72) -0.77( 0.59) 
-0.03( 0.19)  0.00( 0.25) -0.04( 0.28) -0.02( 0.16)  0.03( 0.21) -0.01( 0.26)  0.06( 0.29)  0.02( 0.26) -0.00( 0.27)  0.00( 0.23) -0.01( 0.16) 
new solution
 3.51( 0.67)  0.60( 0.90)  0.67( 0.79)  0.80( 0.65)  0.78( 0.67)  0.70( 0.79)  1.16( 0.51)  1.27( 0.48)  1.31( 0.57)  1.18( 0.48)  1.29( 0.54) 
-2.11( 0.71) -0.46( 0.51) -0.43( 0.59) -0.45( 0.54) -0.40( 0.59) -0.42( 0.60) -0.77( 0.54) -0.78( 0.49) -0.77( 0.44) -0.80( 0.50) -0.73( 0.38) 
-0.08( 0.52)  0.03( 0.22) -0.02( 0.27) -0.02( 0.21)  0.04( 0.24) -0.01( 0.24)  0.02( 0.29) -0.02( 0.23)  0.01( 0.33)  0.03( 0.20)  0.03( 0.21) 

Setup=1 p=110
old prediction
125.77(29.23) 115.14(35.05)  1.23( 2.58) 57.46( 7.17) 
new prediction
87.87(18.65) 80.02(20.98)  1.32( 2.77) 62.20( 5.35) 
old solution
 3.36( 0.83)  1.59( 1.03)  1.48( 1.11)  1.64( 1.17)  1.40( 0.89)  1.48( 1.00)  1.53( 0.94)  1.41( 0.81)  1.45( 0.99)  1.42( 0.98)  1.66( 1.08) 
-3.51( 1.05) -1.34( 0.93) -1.56( 0.91) -1.42( 0.96) -1.49( 0.97) -1.45( 0.87) -1.54( 0.84) -1.57( 1.05) -1.51( 0.81) -1.59( 1.03) -1.48( 0.96) 
 1.40( 0.85)  0.82( 0.82)  1.02( 0.95)  0.95( 1.02)  0.75( 0.79)  0.91( 0.98)  0.80( 0.90)  0.85( 0.89)  0.87( 1.00)  0.96( 1.00)  0.86( 0.82) 
-1.44( 0.84) -0.73( 0.84) -1.02( 1.02) -0.80( 0.84) -0.88( 0.95) -1.00( 1.10) -0.76( 0.70) -0.95( 0.99) -0.85( 0.99) -0.95( 1.02) -0.84( 0.87) 
 0.00( 0.02) -0.05( 0.34)  0.03( 0.32) -0.01( 0.26)  0.02( 0.41)  0.04( 0.40)  0.04( 0.26) -0.03( 0.30) -0.02( 0.13)  0.04( 0.50)  0.03( 0.35) 
 0.00( 0.00) -0.10( 0.69) -0.03( 0.34)  0.06( 0.32) -0.03( 0.27)  0.07( 0.80) -0.02( 0.34) -0.06( 0.36) -0.05( 0.39) -0.05( 0.28)  0.02( 0.23) 
-0.00( 0.01)  0.12( 0.62)  0.07( 0.36)  0.03( 0.31) -0.05( 0.42) -0.01( 0.36) -0.03( 0.28)  0.03( 0.42) -0.01( 0.15)  0.01( 0.52)  0.06( 0.37) 
 0.01( 0.08)  0.03( 0.40)  0.01( 0.41) -0.05( 0.43)  0.03( 0.24) -0.00( 0.28)  0.01( 0.33) -0.01( 0.36)  0.01( 0.38)  0.02( 0.39)  0.05( 0.32) 
 0.01( 0.10)  0.02( 0.39)  0.03( 0.36) -0.03( 0.38) -0.01( 0.51)  0.04( 0.34)  0.07( 0.60)  0.02( 0.51)  0.08( 0.45)  0.01( 0.31)  0.05( 0.37) 
 0.00( 0.11) -0.05( 0.45) -0.03( 0.30) -0.01( 0.40) -0.07( 0.47) -0.01( 0.21) -0.00( 0.52)  0.01( 0.38)  0.02( 0.54)  0.04( 0.62) -0.04( 0.31) 
new solution
 5.02( 0.57)  1.50( 0.60)  1.49( 0.61)  1.49( 0.57)  1.55( 0.40)  1.58( 0.35)  1.54( 0.41)  1.52( 0.53)  1.53( 0.62)  1.50( 0.72)  1.56( 0.45) 
-5.05( 0.58) -1.49( 0.70) -1.60( 0.33) -1.50( 0.54) -1.53( 0.55) -1.59( 0.42) -1.58( 0.27) -1.61( 0.31) -1.57( 0.41) -1.58( 0.38) -1.47( 0.66) 
 2.83( 1.06)  0.95( 0.55)  0.97( 0.52)  0.94( 0.65)  0.91( 0.65)  0.91( 0.52)  0.88( 0.64)  0.83( 0.68)  0.91( 0.53)  1.00( 0.64)  0.92( 0.64) 
-2.87( 1.06) -0.79( 0.75) -0.92( 0.54) -0.86( 0.67) -0.91( 0.56) -0.90( 0.54) -0.93( 0.54) -0.93( 0.58) -0.93( 0.51) -0.94( 0.43) -0.90( 0.52) 
 0.01( 0.06)  0.01( 0.07)  0.04( 0.20)  0.00( 0.02)  0.01( 0.03) -0.00( 0.04)  0.02( 0.11) -0.01( 0.12)  0.01( 0.08)  0.00( 0.10)  0.02( 0.15) 
 0.00( 0.00)  0.01( 0.24)  0.01( 0.10)  0.02( 0.20) -0.03( 0.15) -0.01( 0.19) -0.01( 0.13) -0.02( 0.16) -0.01( 0.27) -0.00( 0.09)  0.01( 0.14) 
-0.00( 0.22)  0.03( 0.18) -0.00( 0.19)  0.02( 0.13) -0.00( 0.11) -0.01( 0.18) -0.03( 0.16)  0.01( 0.13) -0.00( 0.07)  0.01( 0.17)  0.03( 0.23) 
 0.02( 0.23)  0.01( 0.31)  0.00( 0.11) -0.01( 0.07)  0.00( 0.11) -0.00( 0.08)  0.01( 0.18) -0.01( 0.34)  0.02( 0.25) -0.02( 0.16) -0.02( 0.14) 
 0.01( 0.14)  0.03( 0.20)  0.01( 0.19)  0.00( 0.10)  0.01( 0.26)  0.02( 0.22)  0.01( 0.21)  0.00( 0.12)  0.03( 0.22)  0.04( 0.21) -0.00( 0.33) 
 0.02( 0.22)  0.00( 0.17) -0.01( 0.13)  0.00( 0.07)  0.01( 0.23)  0.02( 0.12)  0.03( 0.21) -0.01( 0.17)  0.02( 0.16) -0.03( 0.21)  0.00( 0.08) 

Setup=2 p=110
old prediction
142.63(27.59) 134.44(36.74)  9.93( 6.76) 54.24( 9.17) 
new prediction
129.36(28.19) 116.54(31.77) 10.71( 7.29) 59.08( 8.70) 
old solution
 1.25( 0.87)  0.32( 0.78)  0.17( 0.68)  0.19( 0.70)  1.15( 1.27)  1.00( 1.08)  1.19( 1.30)  1.06( 1.05)  1.27( 1.33)  1.10( 1.06)  1.37( 1.32) 
-1.20( 1.02) -0.12( 0.60) -0.12( 0.71) -0.13( 0.60) -1.12( 1.26) -1.12( 1.26) -1.30( 1.17) -1.22( 1.44) -1.23( 1.28) -1.12( 1.22) -1.23( 1.31) 
 0.47( 0.62)  0.18( 0.41)  0.20( 0.60)  0.03( 0.74)  0.57( 0.76)  0.73( 1.06)  0.51( 0.73)  0.73( 1.10)  0.61( 1.03)  0.65( 1.00)  0.67( 1.00) 
-0.38( 0.60) -0.05( 0.57) -0.23( 0.63) -0.09( 0.53) -0.66( 1.10) -0.78( 1.15) -0.47( 0.71) -0.71( 1.04) -0.58( 1.02) -0.82( 1.13) -0.58( 1.00) 
 0.00( 0.07) -0.09( 0.54) -0.06( 0.37) -0.07( 0.44)  0.07( 0.52)  0.02( 0.45)  0.04( 0.32)  0.01( 0.38)  0.05( 0.26)  0.07( 0.40)  0.02( 0.49) 
-0.00( 0.03) -0.04( 0.42) -0.06( 0.55)  0.09( 0.44) -0.06( 0.39)  0.05( 0.72)  0.00( 0.61) -0.07( 0.45)  0.00( 0.64) -0.09( 0.51) -0.02( 0.43) 
 0.00( 0.08)  0.06( 0.60)  0.06( 0.36)  0.04( 0.32) -0.04( 0.37) -0.02( 0.49) -0.01( 0.38)  0.08( 0.48) -0.06( 0.38)  0.12( 0.57)  0.12( 0.44) 
 0.00( 0.05)  0.10( 0.47) -0.00( 0.53) -0.09( 0.48)  0.00( 0.47)  0.05( 0.34)  0.00( 0.42)  0.02( 0.49) -0.06( 0.61) -0.01( 0.43) -0.02( 0.40) 
-0.00( 0.07)  0.00( 0.42) -0.03( 0.46) -0.02( 0.44)  0.00( 0.35)  0.04( 0.51)  0.08( 0.60)  0.03( 0.42)  0.07( 0.44)  0.05( 0.51)  0.06( 0.26) 
 0.01( 0.05)  0.00( 0.53) -0.00( 0.38)  0.02( 0.58) -0.08( 0.45) -0.04( 0.43) -0.00( 0.52)  0.06( 0.37) -0.03( 0.60)  0.01( 0.50) -0.01( 0.36) 
new solution
 3.01( 1.39)  0.31( 1.04)  0.20( 1.12)  0.34( 1.02)  0.99( 0.50)  1.04( 0.83)  1.07( 0.69)  1.05( 0.58)  1.13( 0.92)  1.07( 0.76)  1.11( 0.78) 
-2.87( 1.70) -0.07( 1.12) -0.17( 1.17) -0.08( 1.20) -1.09( 0.99) -1.10( 0.78) -1.06( 0.71) -1.20( 1.05) -1.23( 0.87) -1.01( 0.72) -1.20( 0.85) 
 1.26( 1.25)  0.28( 0.54)  0.19( 0.63)  0.10( 0.80)  0.54( 0.73)  0.63( 0.74)  0.61( 0.83)  0.60( 0.87)  0.55( 0.59)  0.68( 0.75)  0.64( 0.90) 
-1.15( 1.40) -0.11( 0.75) -0.21( 0.62) -0.10( 0.67) -0.60( 0.90) -0.64( 0.78) -0.51( 0.74) -0.67( 0.99) -0.53( 0.86) -0.63( 0.73) -0.57( 0.82) 
 0.03( 0.41) -0.04( 0.40) -0.05( 0.26) -0.09( 0.50)  0.07( 0.40) -0.01( 0.26)  0.03( 0.24) -0.00( 0.19)  0.06( 0.30) -0.00( 0.24) -0.00( 0.35) 
-0.03( 0.25)  0.01( 0.14)  0.00( 0.22)  0.02( 0.30) -0.06( 0.31) -0.04( 0.23) -0.03( 0.43) -0.07( 0.38) -0.04( 0.40)  0.00( 0.09)  0.03( 0.26) 
 0.02( 0.21)  0.01( 0.51) -0.01( 0.34)  0.01( 0.16) -0.00( 0.18)  0.02( 0.23) -0.01( 0.19)  0.04( 0.21) -0.02( 0.18)  0.07( 0.37)  0.10( 0.36) 
-0.00( 0.34)  0.06( 0.30)  0.03( 0.31) -0.05( 0.34)  0.06( 0.29) -0.01( 0.13)  0.01( 0.33) -0.01( 0.36)  0.01( 0.45)  0.01( 0.18)  0.01( 0.22) 
 0.01( 0.41) -0.03( 0.19) -0.01( 0.25) -0.02( 0.42) -0.02( 0.23)  0.03( 0.42)  0.04( 0.40)  0.01( 0.48)  0.03( 0.33)  0.03( 0.34)  0.05( 0.27) 
 0.05( 0.27) -0.00( 0.38) -0.00( 0.18)  0.03( 0.34) -0.04( 0.32) -0.02( 0.27) -0.02( 0.27)  0.02( 0.24)  0.04( 0.24)  0.03( 0.33) -0.01( 0.28) 

Setup=3 p=110
old prediction
95.29(20.38) 88.25(26.02)  3.39( 4.48) 56.48(10.24) 
new prediction
71.28(14.80) 64.69(17.44)  3.56( 4.73) 60.67( 9.85) 
old solution
 3.57( 0.76)  1.64( 0.96)  1.48( 0.93)  1.60( 1.11)  1.43( 0.82)  1.45( 0.80)  1.55( 0.88)  1.46( 0.70)  1.43( 0.84)  1.48( 1.03)  1.66( 0.97) 
-1.47( 0.71) -0.64( 0.67) -0.73( 0.73) -0.63( 0.72) -0.73( 0.83) -0.68( 0.64) -0.75( 0.71) -0.78( 0.79) -0.78( 0.65) -0.79( 0.76) -0.78( 0.80) 
 1.57( 0.82)  0.81( 0.73)  0.98( 0.87)  0.96( 0.85)  0.80( 0.71)  0.96( 0.96)  0.83( 0.79)  0.88( 0.88)  0.85( 0.88)  0.98( 0.89)  0.86( 0.79) 
-0.45( 0.49) -0.32( 0.56) -0.47( 0.70) -0.36( 0.63) -0.38( 0.67) -0.52( 0.86) -0.31( 0.44) -0.50( 0.69) -0.41( 0.80) -0.47( 0.79) -0.40( 0.65) 
 0.00( 0.01) -0.07( 0.40)  0.02( 0.30) -0.01( 0.22)  0.02( 0.32)  0.02( 0.28)  0.02( 0.16)  0.01( 0.21)  0.01( 0.12)  0.03( 0.42)  0.03( 0.24) 
 0.00( 0.02) -0.04( 0.39) -0.03( 0.28)  0.03( 0.35) -0.04( 0.27)  0.01( 0.38) -0.01( 0.34) -0.03( 0.29) -0.03( 0.36) -0.05( 0.23)  0.02( 0.24) 
 0.00( 0.04)  0.08( 0.47)  0.06( 0.25)  0.03( 0.27) -0.02( 0.34) -0.02( 0.29) -0.01( 0.24)  0.01( 0.42) -0.02( 0.30)  0.00( 0.37)  0.08( 0.32) 
 0.01( 0.08)  0.01( 0.31) -0.00( 0.35) -0.01( 0.25)  0.03( 0.25)  0.01( 0.38)  0.01( 0.29) -0.02( 0.30) -0.02( 0.35)  0.03( 0.31)  0.02( 0.31) 
 0.00( 0.02) -0.01( 0.35)  0.01( 0.25)  0.00( 0.35)  0.02( 0.41)  0.01( 0.28)  0.06( 0.38)  0.01( 0.40)  0.07( 0.36)  0.01( 0.30)  0.04( 0.25) 
 0.00( 0.11) -0.02( 0.42) -0.02( 0.26)  0.03( 0.40) -0.07( 0.45) -0.01( 0.18)  0.02( 0.51) -0.00( 0.42)  0.02( 0.48) -0.03( 0.49) -0.02( 0.24) 
new solution
 4.97( 0.54)  1.60( 0.23)  1.53( 0.36)  1.41( 0.74)  1.49( 0.53)  1.57( 0.37)  1.50( 0.49)  1.58( 0.18)  1.51( 0.53)  1.51( 0.62)  1.61( 0.29) 
-2.60( 0.72) -0.74( 0.55) -0.78( 0.56) -0.75( 0.67) -0.79( 0.67) -0.83( 0.34) -0.77( 0.43) -0.80( 0.43) -0.84( 0.29) -0.80( 0.41) -0.75( 0.47) 
 2.89( 0.92)  0.97( 0.51)  0.92( 0.49)  0.90( 0.41)  0.94( 0.53)  0.96( 0.52)  0.88( 0.54)  0.84( 0.70)  0.90( 0.44)  0.96( 0.37)  0.88( 0.47) 
-1.19( 0.96) -0.36( 0.52) -0.44( 0.52) -0.45( 0.64) -0.42( 0.49) -0.44( 0.46) -0.46( 0.42) -0.53( 0.54) -0.38( 0.47) -0.49( 0.53) -0.52( 0.55) 
 0.00( 0.10)  0.01( 0.13)  0.03( 0.18)  0.01( 0.10)  0.01( 0.15) -0.02( 0.13)  0.01( 0.07) -0.01( 0.13)  0.01( 0.07) -0.01( 0.12)  0.02( 0.18) 
 0.03( 0.43)  0.02( 0.24) -0.03( 0.17) -0.00( 0.23) -0.06( 0.28) -0.03( 0.24)  0.00( 0.20) -0.01( 0.20)  0.01( 0.26) -0.02( 0.15) -0.00( 0.30) 
 0.01( 0.11)  0.02( 0.14)  0.02( 0.11)  0.02( 0.11) -0.02( 0.15)  0.01( 0.11)  0.00( 0.14)  0.02( 0.22)  0.02( 0.21) -0.01( 0.23)  0.03( 0.22) 
 0.02( 0.28)  0.02( 0.30)  0.00( 0.16)  0.03( 0.24)  0.01( 0.10)  0.02( 0.21)  0.01( 0.38) -0.01( 0.20) -0.03( 0.31) -0.00( 0.13) -0.01( 0.19) 
 0.01( 0.28) -0.00( 0.18) -0.01( 0.16)  0.01( 0.10)  0.04( 0.22)  0.01( 0.10)  0.02( 0.18)  0.02( 0.11)  0.03( 0.18)  0.02( 0.18)  0.03( 0.33) 
 0.02( 0.20) -0.01( 0.17) -0.02( 0.15)  0.01( 0.12)  0.01( 0.17)  0.01( 0.12)  0.02( 0.16)  0.01( 0.23)  0.01( 0.14) -0.02( 0.32)  0.01( 0.13) 

Setup=4 p=110
old prediction
102.01(20.13) 98.17(25.45) 11.00(11.61) 53.31(11.99) 
new prediction
92.09(19.44) 86.40(22.96) 11.77(12.43) 57.54(12.32) 
old solution
 2.12( 6.20)  0.26( 0.64)  0.14( 0.65)  0.13( 0.76)  1.12( 1.02)  1.07( 0.95)  1.21( 1.11)  1.12( 0.98)  1.26( 1.18)  1.09( 0.96)  1.37( 1.24) 
-0.76( 0.64) -0.25( 0.48) -0.27( 0.57) -0.25( 0.48) -0.66( 0.86) -0.59( 0.84) -0.68( 0.77) -0.67( 0.96) -0.71( 0.90) -0.64( 0.74) -0.68( 0.86) 
 0.53( 0.58)  0.16( 0.35)  0.19( 0.59)  0.08( 0.54)  0.55( 0.70)  0.76( 0.99)  0.55( 0.75)  0.68( 0.96)  0.67( 0.92)  0.68( 0.91)  0.68( 0.93) 
-0.22( 0.40) -0.08( 0.36) -0.21( 0.64) -0.16( 0.49) -0.39( 0.80) -0.47( 0.85) -0.24( 0.47) -0.38( 0.67) -0.40( 0.83) -0.36( 0.73) -0.32( 0.66) 
-0.00( 0.02) -0.04( 0.41) -0.03( 0.33) -0.06( 0.33)  0.05( 0.37)  0.03( 0.36)  0.04( 0.25)  0.01( 0.23)  0.05( 0.25)  0.04( 0.34) -0.00( 0.37) 
 0.01( 0.04) -0.04( 0.29) -0.05( 0.41)  0.04( 0.33) -0.09( 0.44)  0.05( 0.62)  0.00( 0.44) -0.07( 0.40)  0.01( 0.38) -0.06( 0.39) -0.00( 0.34) 
-0.00( 0.05)  0.04( 0.41)  0.04( 0.29)  0.04( 0.20) -0.04( 0.31) -0.02( 0.33) -0.03( 0.31)  0.02( 0.28) -0.01( 0.26)  0.07( 0.41)  0.10( 0.42) 
 0.01( 0.07)  0.06( 0.44) -0.02( 0.41) -0.06( 0.35)  0.00( 0.40)  0.04( 0.27)  0.01( 0.34) -0.01( 0.27) -0.03( 0.45) -0.01( 0.33)  0.00( 0.41) 
-0.01( 0.07) -0.00( 0.35) -0.02( 0.42) -0.01( 0.37) -0.01( 0.32)  0.01( 0.36)  0.08( 0.56)  0.01( 0.43)  0.02( 0.40)  0.04( 0.43)  0.06( 0.26) 
 0.01( 0.09) -0.03( 0.49) -0.02( 0.31)  0.04( 0.49) -0.04( 0.41) -0.03( 0.26) -0.04( 0.50)  0.02( 0.39) -0.02( 0.53) -0.03( 0.52) -0.02( 0.24) 
new solution
 3.80( 6.07)  0.29( 1.12)  0.17( 1.10)  0.23( 1.12)  0.98( 0.56)  1.14( 0.64)  1.08( 0.37)  1.12( 0.51)  1.13( 0.72)  0.98( 0.60)  1.18( 0.55) 
-1.76( 1.19) -0.29( 0.64) -0.31( 0.74) -0.25( 0.72) -0.71( 0.77) -0.59( 0.69) -0.66( 0.61) -0.61( 0.73) -0.68( 0.65) -0.66( 0.51) -0.63( 0.62) 
 1.36( 1.10)  0.28( 0.51)  0.27( 0.54)  0.20( 0.62)  0.50( 0.61)  0.68( 0.76)  0.57( 0.58)  0.60( 0.71)  0.63( 0.70)  0.70( 0.73)  0.63( 0.73) 
-0.62( 0.98) -0.12( 0.51) -0.20( 0.47) -0.17( 0.48) -0.35( 0.66) -0.43( 0.68) -0.30( 0.52) -0.32( 0.67) -0.31( 0.66) -0.37( 0.57) -0.27( 0.54) 
-0.02( 0.13) -0.02( 0.29) -0.06( 0.33) -0.07( 0.42)  0.04( 0.16) -0.02( 0.18) -0.00( 0.07) -0.01( 0.18)  0.06( 0.25)  0.03( 0.21) -0.02( 0.30) 
 0.01( 0.13)  0.01( 0.23) -0.03( 0.29)  0.02( 0.23) -0.08( 0.32) -0.02( 0.24) -0.03( 0.24) -0.01( 0.19)  0.01( 0.29) -0.01( 0.10)  0.01( 0.30) 
 0.01( 0.28)  0.01( 0.31)  0.00( 0.32)  0.02( 0.11) -0.00( 0.24)  0.00( 0.19) -0.04( 0.20)  0.05( 0.27) -0.03( 0.15)  0.05( 0.31)  0.06( 0.30) 
 0.00( 0.27)  0.03( 0.25) -0.01( 0.24) -0.02( 0.37)  0.03( 0.24)  0.01( 0.14)  0.02( 0.26) -0.01( 0.35) -0.01( 0.25)  0.01( 0.14) -0.04( 0.28) 
-0.01( 0.31) -0.02( 0.20) -0.02( 0.25) -0.00( 0.24)  0.00( 0.19)  0.03( 0.16)  0.06( 0.41) -0.00( 0.39)  0.02( 0.25)  0.02( 0.32)  0.02( 0.13) 
 0.01( 0.31) -0.03( 0.21)  0.00( 0.16)  0.06( 0.40)  0.00( 0.27) -0.01( 0.12) -0.03( 0.27)  0.02( 0.34)  0.02( 0.39) -0.07( 0.34) -0.02( 0.21) 

Setup=5 p=110
old prediction
99.45(21.03) 92.93(25.16)  4.12( 5.00) 55.49( 8.66) 
new prediction
80.19(16.09) 74.05(21.92)  4.50( 5.41) 60.29( 8.20) 
old solution
 1.85( 0.74)  0.73( 0.75)  0.59( 0.66)  0.73( 0.76)  0.60( 0.65)  0.61( 0.67)  1.28( 1.14)  1.16( 0.94)  1.38( 1.15)  1.21( 1.09)  1.48( 1.24) 
-1.89( 0.84) -0.54( 0.54) -0.68( 0.70) -0.57( 0.69) -0.63( 0.76) -0.68( 0.59) -1.35( 1.00) -1.37( 1.25) -1.32( 1.06) -1.27( 1.06) -1.30( 1.13) 
 0.67( 0.60)  0.39( 0.55)  0.48( 0.73)  0.36( 0.69)  0.30( 0.51)  0.46( 0.70)  0.63( 0.80)  0.73( 0.96)  0.69( 0.98)  0.81( 0.98)  0.72( 0.89) 
-0.70( 0.65) -0.29( 0.58) -0.41( 0.66) -0.31( 0.53) -0.43( 0.66) -0.49( 0.72) -0.57( 0.73) -0.85( 1.05) -0.72( 1.05) -0.80( 0.95) -0.70( 0.97) 
 0.00( 0.01) -0.07( 0.36) -0.01( 0.28) -0.00( 0.18) -0.00( 0.35)  0.02( 0.37)  0.02( 0.18) -0.02( 0.16) -0.01( 0.21)  0.04( 0.35)  0.04( 0.39) 
-0.00( 0.02) -0.05( 0.53) -0.01( 0.32)  0.07( 0.34) -0.08( 0.34)  0.06( 0.71) -0.01( 0.36) -0.03( 0.34) -0.04( 0.40) -0.08( 0.36) -0.02( 0.27) 
 0.00( 0.03)  0.07( 0.39)  0.04( 0.30)  0.06( 0.45) -0.02( 0.30) -0.00( 0.28) -0.02( 0.25) -0.00( 0.39) -0.05( 0.41)  0.04( 0.50)  0.10( 0.39) 
 0.00( 0.07)  0.04( 0.39) -0.02( 0.40) -0.05( 0.25)  0.03( 0.27)  0.01( 0.24) -0.00( 0.30) -0.01( 0.26)  0.02( 0.55)  0.04( 0.30)  0.01( 0.33) 
-0.01( 0.03)  0.03( 0.40) -0.03( 0.20)  0.04( 0.42) -0.03( 0.42)  0.03( 0.33)  0.06( 0.54)  0.05( 0.39)  0.03( 0.31)  0.02( 0.35)  0.08( 0.39) 
 0.01( 0.10) -0.01( 0.44) -0.04( 0.34)  0.03( 0.39) -0.06( 0.39) -0.02( 0.26) -0.04( 0.58)  0.02( 0.43)  0.01( 0.44)  0.06( 0.63) -0.05( 0.38) 
new solution
 3.37( 0.75)  0.88( 0.64)  0.74( 0.85)  0.83( 0.71)  0.73( 0.79)  0.82( 0.69)  1.12( 0.60)  1.09( 0.45)  1.12( 0.55)  1.09( 0.70)  1.16( 0.39) 
-3.31( 0.82) -0.82( 0.68) -0.84( 0.73) -0.73( 0.87) -0.75( 0.78) -0.96( 0.50) -1.08( 0.39) -1.18( 0.49) -1.13( 0.56) -1.07( 0.42) -1.15( 0.50) 
 1.59( 1.08)  0.46( 0.47)  0.45( 0.61)  0.40( 0.57)  0.39( 0.59)  0.55( 0.58)  0.64( 0.64)  0.58( 0.60)  0.73( 0.78)  0.79( 0.71)  0.66( 0.73) 
-1.70( 1.10) -0.35( 0.65) -0.51( 0.63) -0.41( 0.59) -0.51( 0.53) -0.50( 0.49) -0.65( 0.61) -0.69( 0.72) -0.62( 0.70) -0.69( 0.50) -0.69( 0.65) 
 0.01( 0.10) -0.01( 0.09) -0.02( 0.19) -0.01( 0.14)  0.01( 0.17) -0.01( 0.15)  0.02( 0.08) -0.01( 0.07)  0.01( 0.05)  0.02( 0.15)  0.04( 0.27) 
 0.01( 0.24)  0.02( 0.21) -0.05( 0.31)  0.02( 0.20) -0.07( 0.28) -0.03( 0.15) -0.02( 0.20) -0.02( 0.16)  0.02( 0.32) -0.02( 0.12)  0.00( 0.22) 
 0.01( 0.28)  0.03( 0.24) -0.02( 0.28) -0.00( 0.15) -0.01( 0.15)  0.00( 0.14) -0.01( 0.15)  0.06( 0.26) -0.01( 0.29)  0.01( 0.27)  0.05( 0.30) 
-0.00( 0.13)  0.01( 0.13) -0.01( 0.26) -0.01( 0.07) -0.01( 0.12)  0.00( 0.11)  0.02( 0.23) -0.01( 0.18) -0.00( 0.23) -0.01( 0.12) -0.01( 0.16) 
-0.03( 0.16)  0.02( 0.21) -0.02( 0.13) -0.00( 0.19)  0.03( 0.26) -0.01( 0.21)  0.03( 0.32)  0.01( 0.21)  0.03( 0.23)  0.02( 0.22)  0.02( 0.22) 
 0.01( 0.35) -0.00( 0.26) -0.03( 0.25) -0.02( 0.24)  0.02( 0.11) -0.01( 0.25)  0.00( 0.17)  0.01( 0.18)  0.03( 0.27)  0.01( 0.20)  0.01( 0.15) 

