0.819011261676353
1.18459719640884
0.804204981016694
0.727396527909718
1.04335122159319
0.991533927642094
0.940246975841187
1.12695164086564
0.796094639674093
0.98452830847103
0.951579050620849
1.07377196957578
0.933668904472033
1.04469730425061
0.873979532215497
1.27155097488942
0.958789942231015
1.13760016981846
0.905569076876108
1.00132995276675
0.849462017078268
1.12196564408276
1.07246662125504
1.00883346835208
1.03948427388184
1.06602883338494
0.984281285283896
0.970415696963074
0.998550661741362
1.07236626174493
0.996603119083538
0.997419850803748
1.04527852704293
1.14724215624215
1.07380051225494
1.06763496632082
1.12962637459572
0.927632867547183
1.08087253747474
1.10047248845132
1.09255362022646
1.09325688957548
1.11270898739423
1.00131225546396
1.13035660471861
1.05064513174783
1.12056113866038
1.19782980594133
1.12451366861501
0.97119788391101
1.06511662769702
0.94007303524748
0.894992705618121
1.04745419955670
1.32466727849452
1.17031874949640
1.23447721586581
1.18539137607011
1.16164949148323
0.960146403222005
0.972580479377796
1.06794768623827
0.964640696640716
1.02541641065552
1.03650995231730
0.992304010843095
1.05085501204472
1.15230442297095
1.09088458847953
1.14785534687259
0.91524208328888
1.09438988109398
0.936720071963462
0.887279542787531
1.02718288974271
0.956600152735728
0.939404715688005
0.897950862641973
1.01700730430337
0.85794115081293
0.865898211419688
0.878657332220439
1.05398342534051
0.95770411221818
1.04865065361247
0.929877346145358
0.917452374656427
0.93866352030118
0.935039557634181
1.00673429691384
0.847393184032792
0.903782764731603
0.947264798936075
0.83828605664552
0.974414673317388
0.890650275008313
0.928871626437674
0.944825351069275
0.850029757686463
1.05377476017558
1.02211936510442
0.993377490052782
0.947817078992847
1.12682703207183
0.987604178730778
0.961347363292706
0.907457584497893
0.948397489686178
0.953724830341165
1.10838578884198
