16.3978887810707
4.59567797793887
-10.3382006272673
31.6849202304334
4.38947216997605
-11.8678244615935
2.39515404018229
10.2185220720635
3.79948350825432
27.8980306158894
28.2138288393205
6.61626988195727
25.7598505481402
12.9532761531983
-13.9802403588843
-15.6858723403393
32.1808723350356
-35.5784338373997
27.8041237362165
34.6661636792377
-5.58335554577292
19.7722266591917
31.0783367895662
8.05395663090616
6.76859478686904
14.1576802390664
23.4526177934724
-11.6163111586531
-28.9551143183456
-14.4042805742022
20.0721996005873
-8.58618978419416
-11.8165872637173
4.46245921961672
-3.51224744053041
-27.8399327445004
13.6202504415363
-10.7673031825470
26.5359340751882
20.4077535326962
1.32418633871284
14.9065743936873
-18.9033204528206
7.52349391940134
-25.4455109931253
16.1144132131084
21.8871454949522
-9.43141708327348
36.7722617147035
-39.2534197504679
-17.5484353368796
10.6221078365133
8.60777485414528
11.1273900421667
-5.33076646663398
19.1247683273712
-2.31028874936819
-14.9525147697936
16.3527727092641
1.76756923678757
-12.5913747458405
6.24604390459442
29.7141173722929
-1.4306227999577
16.2413823363573
25.5414501507967
-40.5030925858745
2.65154049793651
4.59821920722892
-1.61841494912784
-45.7136728024737
5.96917626020234
7.66156891977153
24.1985988767678
-37.2866910365679
-9.64709929704332
34.1452342791703
28.4362064945642
-18.0931012968479
-3.73553192294955
-1.09872444345098
-9.76424550760343
-22.3740394455758
5.58990269077494
31.3010688975723
6.41241683926628
-3.83154793123211
-21.9498959396215
-20.9029889736402
-6.32677711961244
2.48217057674799
57.8723349426688
-16.9702002743375
-20.2637517986258
-14.4640944587452
-0.675178851603934
20.4871328642735
6.27539237764731
-2.17711329250777
14.9207915123958
1.97039385468575
8.07089697282159
-6.92887256857043
-14.8060703471871
27.0662737436177
-15.0759014158125
23.1960278425739
-21.8307658115824
-3.77240371595872
12.7266582955843
11.5042696282413
25.4274174615239
-4.49291453286819
7.18858250299107
20.6892955246196
8.50670402513784
8.3908878342667
6.06708562909711
-21.2269720091483
-22.4140681598647
12.7412605072298
-16.8148769291981
1.26279662081895
17.1608081609975
-7.2297576875081
-7.40183315643568
38.6863174031863
-19.3565866291515
15.4131467369283
-25.5696201317299
-6.93474137685988
-17.4071076431261
-16.8639295174839
7.78136401794307
-37.9404588560731
-1.50149958579028
31.7413686712035
-17.8597932903846
-8.01259102502073
1.66147601336175
-12.2950988794079
26.4354553800484
-0.949202915988684
-14.7427152634378
-3.35887941832966
10.2338074238442
25.3761857368192
-19.6273412200000
14.0016298153517
5.86046054143063
-10.7818703753186
-29.2589720346944
9.48148198671398
16.1438095102789
-18.7702496542503
-7.51624347343963
-21.5253858886001
-29.7499994669185
4.49750908128667
-4.77876737479645
-21.2005112100962
-34.1936176762851
-47.7716084274692
-2.59642481253514
-18.6386669498203
-14.2867789976291
-6.9871438972826
14.3813636762054
22.2181578808671
-11.6705591521398
15.1407603966194
13.0699710242007
18.9184617174023
2.10604556221898
3.83085946619869
16.8001964820474
11.6697641664852
-19.832677083247
7.25015652522705
33.8478093739126
9.63804760553288
14.8382349424352
-26.4836285323068
-1.18354653247871
22.1126261034667
-0.255348474670337
-7.48813938954277
5.31791235239691
-7.5572055189533
-23.1862631217018
0.47511696015716
6.44869912669335
3.13891007917919
11.2304961225219
-19.4615035080017
-22.4828100988841
12.0973082812343
39.4193220650320
2.23584772437693
40.6719344256327
