2.08290515237622
-38.7912934514653
-19.9524209002971
16.6574024779597
34.0303205563068
1.15918323882090
6.96966855415458
31.8899215314919
10.8297635432763
4.58685443542083
7.86407613051328
-14.0082953331597
15.9280544157371
17.6941760694403
-3.13867218161322
-1.35307509405489
16.5377906928795
-14.9176995857342
-30.1145704109098
8.46951328022958
24.9925037699289
15.0291329694132
-0.853405128770508
7.43092691649798
-2.47656333391889
1.89401499187683
-8.0239381784177
-1.85824276115640
0.313532368725757
5.97909958896357
8.20920745998231
1.31705116760006
30.4881846744992
12.2769972564101
4.88532112348383
-7.08481100423109
-14.7306360069574
-32.8750817754641
49.7254903758261
-13.2871397831261
15.6221482717375
36.9301401929253
15.8144304727844
-38.6628885749219
-26.2808671798813
18.5692984097295
13.8302321213976
-4.01747342147387
-53.938817655415
7.08503781244136
